5491 694 37 91 9 83 16 456 2
114 43 716 3 114 43 716 3 114 43 716 15 114 43 716 2
36 64 3 36 64 3 36 64 3 36 64 3 36 64 2
35 2
5 531 9 204 88 3 38 5 280 13 204 88 2
5 46 3 5 46 3 5 46 3 5 46 3 5 46 2
36 64 3 36 64 3 36 64 3 36 64 3 36 64 2
5 32 13 46 21 4 42 333 68 2
35 3 18 198 37 2
6 33066 41 3 276 555 3 8333 2628 2
35 3 35 3 35 3 35 3 35 3 35 3 35 3 35 2
35 3 35 3 35 3 35 3 35 3 35 3 35 3 35 2
35 3 35 3 35 3 35 3 35 3 35 3 35 3 35 2
35 3 35 3 35 3 35 3 35 3 35 3 35 3 35 2
52 38 23 227 13 46 21 23 11 333 68 2 52
5 32 13 46 21 4 42 333 68 2
35 3 35 3 35 3 35 3 35 3 35 3 35 3 35 2
35 3 35 3 35 3 35 3 35 3 35 3 35 3 35 2
5 46 3 5 46 3 5 46 3 5 46 3 5 46 2
5 32 13 46 21 4 42 333 68 2
35 3 35 3 35 3 35 3 35 3 35 3 35 3 35 2
37 6 258 18 728 5 39 318 25 2
6 2530 18 2836 11 1189 19 3343 5542 2
35 3 35 3 35 3 35 3 35 3 35 3 35 3 35 2
5 32 13 46 21 4 42 333 68 2
35 3 35 3 35 3 35 3 35 3 35 3 35 3 35 2
35 3 35 3 35 3 35 3 35 3 35 3 35 3 35 2
159 3 159 3 159 3 159 3 159 3 159 3 159 3 159 2
35 3 35 3 35 3 35 3 35 3 35 3 35 3 35 2
35 3 35 3 35 3 35 3 35 3 35 3 35 3 35 2
35 3 35 3 35 3 35 3 35 3 35 3 35 3 35 2
70 3 147 3 248 3 449 3 410 3 556 3 817 3 857 2
5 34 90 252 18 48 2
137 3 137 3 137 3 137 3 137 3 137 3 137 3 137 3 137
72 3 35 3 35 3 35 3 35 3 35 3 35 3 35 2
5 32 13 46 21 4 42 333 68 2
1 3 1 3 1 3 1 3 1 3 1 3 1 3 1 2
5 32 13 46 21 4 42 333 68 2
35 3 35 3 35 3 35 3 35 3 35 3 35 3 35 2
5 32 13 46 21 4 42 333 68 2
35 3 35 3 35 3 35 3 35 3 35 3 35 3 35 2
60 3 5 32 13 46 2
72 3 35 3 35 3 35 3 35 3 35 3 35 3 35 2
5 32 13 46 2
5 32 13 46 21 4 42 333 68 2
5 32 13 46 21 4 42 333 68 2
52 26845 31777 15 27718 19 20 255 111 386 2 52
35 3 35 3 35 3 35 3 35 3 35 3 35 3 35 2
35 3 35 3 35 3 35 3 35 3 35 3 35 3 35 2
5 32 13 46 21 4 42 333 68 2
35 3 35 3 35 3 35 3 35 3 35 3 35 3 35 2
35 3 35 3 35 3 35 3 35 3 35 3 35 3 35 2
47 41 10 4476 70 3 1 469 1 2
5 32 13 46 21 4 42 333 68 2
72 3 35 3 35 3 35 3 35 3 35 3 35 3 35 2
35 3 35 3 35 3 35 3 35 3 35 3 35 3 35 2
35 3 35 3 35 3 35 3 35 3 35 3 35 3 35 2
35 3 35 3 35 3 35 3 35 3 35 3 35 3 35 2
137 3 137 3 137 3 137 3 137 3 137 3 137 3 137 2
4882 3 4882 3 4882 3 4882 3 4882 3 4882 3 4882 3 4882 2
35 3 35 3 35 3 35 3 35 3 35 3 35 3 35 2
5 39 87 6 772 20784 18 8221 4977 2
5 32 13 46 21 4 42 333 68 2
4 32 13 30 9 644 9 20 2
35 3 35 3 35 3 35 3 35 3 35 3 35 3 35 2
5 32 13 46 21 4 42 333 68 2
5 32 13 46 21 4 42 333 68 2
35 3 35 3 35 3 35 3 35 3 35 3 35 3 35 2
35 3 35 3 35 3 35 3 35 3 35 3 35 3 35 2
137 3 5 317 5 85 2
35 3 35 3 35 3 35 3 35 3 35 3 35 3 35 2
35 3 35 3 35 3 35 3 35 3 35 3 35 3 35 2
5 78 12 3 5 78 12 3 5 78 12 3 5 78 12 14
5 32 13 46 21 4 42 333 68 2
35 3 35 3 35 3 35 3 35 3 35 3 35 3 35 2
35 3 35 3 35 3 35 3 35 3 35 3 35 3 35 2
35 3 35 3 35 3 35 3 35 3 35 3 35 3 35 3 35
35 3 35 3 35 3 35 3 35 3 35 3 35 3 35 2
5 32 13 46 21 4 42 333 68 2
35 3 35 3 35 3 35 3 35 3 35 3 35 3 35 2
5 32 13 46 21 4 42 333 68 2
137 3 137 3 137 3 137 3 137 3 137 3 137 3 137 2
35 3 35 3 35 3 35 3 35 3 35 3 35 3 35 2
4 81 4 42 58 922 3 32 13 4 7
5 32 13 46 21 4 42 333 68 2
655 15 395 3 6 987 18 6 1668 1427 2
60 3 110 3 79 32 13 4 14864 20 3 103 1 7
655 15 395 3 655 15 395 3 6 402 4 66 36 96 366 25 2
19 6 201 18 6 185 3 15 18 6 308 15 18 6 1194 1228 2
47 11 78 9 29 236 115 61 18 45 2
35 3 35 3 35 3 35 3 35 3 35 3 35 3 35 2
35 3 35 3 35 3 35 3 35 3 35 3 35 3 35 14
35 3 35 3 35 3 35 3 35 3 35 3 35 3 35 3 35
31 4 885 9 93 6 484 3 6 336 484 15 140 38 6 484 7
35 2
5 32 13 46 21 4 42 333 68 2
23 11 78 10 4291 3 10 4291 3 10 4291 15 10 4291 2
35 3 35 3 35 3 35 3 35 3 35 3 35 3 35 2
35 3 35 3 35 3 35 3 35 3 35 3 35 3 35 2
5 32 13 46 21 4 42 333 68 2
159 3 159 3 159 3 159 3 159 3 159 3 159 3 159 2
5 32 13 46 21 4 42 333 68 2
1 3 1 3 1 3 1 3 1 3 1 3 1 3 1 2
35 3 35 3 35 3 35 3 35 3 35 3 35 3 35 2
35 3 35 3 35 3 35 3 35 3 35 3 35 3 35 3 35
35 3 35 3 35 3 35 3 35 3 35 3 35 3 35 2
35 3 35 3 35 3 35 3 35 3 35 3 35 3 35 2
55 174 147 9108 121 6040 1573 130 45 2
35 3 35 3 35 3 35 3 35 3 35 3 35 3 35 2
35 3 35 3 35 3 35 3 35 3 35 3 35 3 35 2
5 32 13 46 21 4 42 333 68 2
35 3 35 3 35 3 35 3 35 3 35 3 35 3 35 2
5 32 13 46 21 4 42 333 68 2
72 3 35 3 35 3 35 3 35 3 35 3 35 3 35 14
5 32 13 46 21 4 42 333 68 2
36 64 3 36 64 3 36 64 3 36 64 3 36 64 2
72 3 35 3 35 3 35 3 35 3 35 3 35 3 35 2
72 3 35 3 35 3 35 3 35 3 35 3 35 3 35 2
1542 3 1542 3 1542 3 1542 3 1542 3 1542 3 1542 3 1542 2
59 33 3 59 33 3 59 33 3 59 33 3 59 33 3 59 33
5 32 13 46 21 4 42 333 68 2
47 11 35 214 55 163 2
35 3 35 3 35 3 35 3 35 3 35 3 35 3 35 2
35 3 35 3 35 3 35 3 35 3 35 3 35 3 35 2
5 32 13 46 21 4 42 333 68 2
35 3 35 3 35 3 35 3 35 3 35 3 35 3 35 2
12 11 37 55 5 39 48179 121 25 1801 2155 45 2
35 3 35 3 35 3 35 3 35 3 35 3 35 3 35 2
35 3 35 3 35 3 35 3 35 3 35 3 35 3 35 2
5 32 13 46 21 4 42 333 68 2
4 15 28 32844 2
5 32 13 46 21 4 42 333 68 2
35 3 35 3 35 3 35 3 35 3 35 3 35 3 35 2
5 112 13 46 21 5 41 751 9 31 2
35 3 35 3 35 3 35 3 35 3 35 3 35 3 35 2
5 32 13 46 21 4 42 333 68 2
5 34 75 21 5 44 31 2
35 3 35 3 35 3 35 3 35 3 35 3 35 3 35 2
5 32 13 46 21 4 42 333 68 2
5 32 13 46 21 4 42 333 68 2
35 3 35 3 35 3 35 3 35 3 35 3 35 3 35 14
35 3 35 3 35 3 35 3 35 3 35 3 35 3 35 2
5 32 13 46 21 4 42 333 68 2
5 32 13 46 21 4 42 333 68 2
35 3 35 3 35 3 35 3 35 3 35 3 35 3 35 2
5 78 1498 45 3 4 20283 14
35 3 35 3 35 3 35 3 35 3 35 3 35 3 35 2
5 32 13 46 21 4 42 333 68 2
35 3 35 3 35 3 35 3 35 3 35 3 35 3 35 2
35 3 35 3 35 3 35 3 35 3 35 3 35 3 35 2
35 3 35 3 35 3 35 3 35 3 35 3 35 3 35 2
5 32 13 46 21 4 42 333 68 2
5 32 13 46 21 4 42 333 68 2
5 32 13 46 21 4 42 333 68 2
19 6 201 18 6 185 15 18 6 308 15 18 6 1194 1228 2
35 3 35 3 35 3 35 3 35 3 35 3 35 3 35 2
5 32 13 46 21 4 42 333 68 2
103 1901 600 129 20 3290 2545 3 58 17
4 44 13 21316 5825 10 2459 5825 2
12 11 120 10 226 18 98 154 6 44853 1 658 9 6 13652 26392 2
35 3 35 3 35 3 35 3 35 3 35 3 35 3 35 2
12 11 254 2
70 3 147 3 248 3 449 3 410 3 556 3 817 3 857 2
35 3 35 3 35 3 35 3 35 3 35 3 35 3 35 2
35 3 35 3 35 3 35 3 35 3 35 3 35 3 35 2
35 3 35 3 35 3 35 3 35 3 35 3 35 3 35 2
35 3 35 3 35 3 35 3 35 3 35 3 35 3 35 2
35 3 35 3 35 3 35 3 35 3 35 3 35 3 35 3 35
682 4083 3 4 291 16 1 130 45 2
35 3 35 3 35 3 35 3 35 3 35 3 35 3 35 2
36 64 3 36 64 3 36 64 3 36 64 3 36 64 2
5 39 7124 25 16 2
5 32 13 46 21 4 42 333 68 2
72 3 35 3 35 3 35 3 35 3 35 3 35 3 35 2
5 32 13 46 21 4 42 333 68 2
1784 4 14
35 3 35 3 35 3 35 3 35 3 35 3 35 3 35 2
5 360 9 702 55 26 89 5 41 10 414 2
19 6 201 18 6 185 3 6 308 15 6 1194 2083 2
3080 6347 111 3619 9 635 12 61 2
72 3 35 3 35 3 35 3 35 3 35 3 35 3 35 2
35 3 35 3 35 3 35 3 35 3 35 3 35 3 35 2
5 32 13 46 21 4 42 333 68 2
35 3 35 3 35 3 35 3 35 3 35 3 35 3 35 2
5 32 13 46 2
35 3 35 3 35 3 35 3 35 3 35 3 35 3 35 2
5 32 13 46 21 4 42 333 68 2
121 753 5 32 13 80 9 1001 6 404 18 27 192 19 934 2
37 6 258 18 728 5 39 318 25 2
35 3 35 3 35 3 35 3 35 3 35 3 35 3 35 2
5 32 13 46 21 4 42 333 68 2
35 3 35 3 35 3 35 3 35 3 35 3 35 3 35 2
35 3 35 3 35 3 35 3 35 3 35 3 35 3 35 2
5 32 13 46 21 4 42 333 68 2
35 3 35 3 35 3 35 3 35 3 35 3 35 3 35 2
35 3 35 3 35 3 35 3 35 3 35 3 35 3 35 3 35
121 753 24 34 30 96 245 26 337 2
35 3 35 3 35 3 35 3 35 3 35 3 35 3 35 2
5 32 13 46 21 4 42 333 68 2
83 11 54 3 83 11 54 3 83 11 54 3 83 11 54 2
516 90 10 343 542 154 4 42 97 2
121 12 11 120 10 226 18 98 154 6 950 3776 2 121
35 3 35 3 35 3 35 3 35 3 35 3 35 3 35 2
27 567 284 600 90 16 1009 3 106 2
24 69 119 6 768 3 4 15 963
36 64 3 36 64 3 36 64 3 36 64 3 36 64 2
19 6 201 18 6 185 15 18 6 308 15 18 6 1194 1228 2
16 11 21 5 267 9 180 9 4 68 2
1542 3 1542 3 1542 3 1542 3 1542 3 1542 3 1542 3 1542 2
5 32 13 46 21 4 42 333 68 2
35 3 35 3 35 3 35 3 35 3 35 3 35 3 35 2
35 3 35 3 35 3 35 3 35 3 35 3 35 3 35 2
5 143 3 52 5 32 13 46 21 4 42 333 68 2 52
35 3 35 3 35 3 35 3 35 3 35 3 35 3 35 2
35 3 35 3 35 3 35 3 35 3 35 3 35 3 35 2
5 32 13 46 21 4 42 333 68 2
35 3 35 3 35 3 35 3 35 3 35 3 35 3 35 2
70 3 147 3 248 3 449 3 410 3 556 3 817 3 857 2
5 32 13 46 21 4 42 333 68 2
5 80 4 9 46 16 5 139 4 2
5 32 13 46 21 4 42 333 68 2
35 3 35 3 35 3 35 3 35 3 35 3 35 3 35 2
35 3 35 3 35 3 35 3 35 3 35 3 35 3 35 2
662 26 98 3 26 1682 22 10 94 2
5 32 13 46 21 4 42 333 68 2
19 6 201 18 6 185 15 18 6 308 15 18 6 1194 2083 2
52 65 3 65 3 65 3 65 3 65 3 65 3 65 3 65 2
5 32 13 46 21 4 42 333 68 2
5 32 13 46 21 4 42 333 68 2
35 3 35 3 35 3 35 3 35 3 35 3 35 3 35 2
19 6 201 18 6 185 15 18 6 308 15 18 6 1194 2083 2
35 3 35 3 35 3 35 3 35 3 35 3 35 3 35 2
5 32 13 46 21 4 42 333 68 2
5 32 13 50 12 2
5 32 13 46 21 9 95 2
35 3 35 3 35 3 35 3 35 3 35 3 35 3 35 2
5 32 13 46 21 4 42 333 68 2
35 3 35 3 35 3 35 3 35 3 35 3 35 3 35 2
35 3 35 3 35 3 35 3 35 3 35 3 35 3 35 2
5 32 13 46 21 4 42 333 68 2
5 32 13 46 21 4 42 333 68 2
5 32 13 46 21 4 42 333 68 2
12 11 6 309 362 156 5 66 194 274 2
70 3 147 3 248 3 449 3 410 3 556 3 817 3 857 2
38 47 11 120 70 115 9 161 61 2
5 32 13 46 21 4 42 333 68 2
159 3 159 3 159 3 159 3 159 3 159 3 159 3 159 2
5 32 13 46 2
5 32 13 46 21 4 42 333 68 2
340 11 5974 3 1 1 2 722 2
5 66 111 274 74 154 19 27 192 2
159 3 159 3 159 3 159 3 159 3 159 3 159 3 159 2
5 32 13 46 21 4 42 333 68 2
35 3 35 3 35 3 35 3 35 3 35 3 35 3 35 14
70 3 147 3 248 3 449 3 410 3 556 3 817 3 857 2
5 32 13 46 2
70 3 147 3 248 3 449 3 410 3 556 3 817 3 857 2
35 3 35 3 35 3 35 3 35 3 35 3 35 3 35 2
5 32 13 46 2
5 112 13 302 48 2
5 32 13 46 2
5 32 13 46 21 4 42 333 68 2
137 3 137 3 137 3 137 3 137 3 137 3 137 3 137 2
35 3 35 3 35 3 35 3 35 3 35 3 35 3 35 2
35 3 35 3 35 3 35 3 35 3 35 3 35 3 35 3 35
35 3 12 297 13 2
35 3 35 3 35 3 35 3 35 3 35 3 35 3 35 2
5 32 13 46 21 4 42 333 68 2
4 441 721 3 392 2
1 3 31 4 432 20 7
35 3 35 3 35 3 35 3 35 3 35 3 35 3 35 2
72 3 35 3 35 3 35 3 35 3 35 3 35 3 35 2
35 3 35 3 35 3 35 3 35 3 35 3 35 3 35 2
70 3 147 3 248 3 449 3 410 3 556 3 817 3 857 2
30 4 194 4235 40 6 1073 19 6 3163 3559 7
5 32 13 46 2
35 3 35 3 35 3 35 3 35 3 35 3 35 3 35 2
12 297 13 751 9 456 2
54 33 3 50 61 18 45 2
35 3 35 3 35 3 35 3 35 3 35 3 35 3 35 2
5 32 13 46 2
65 3 57 22 2
35 3 5 44 13 2
5 32 13 55 88 14
35 3 5 39 37 2
35 3 35 3 35 3 35 3 35 3 35 3 35 3 35 2
5 32 13 46 21 4 42 333 68 2
5 41 47 2
35 3 35 3 35 3 35 3 35 3 35 3 35 3 35 14
72 3 35 3 35 3 35 3 35 3 35 3 35 3 35 2
35 3 35 3 35 3 35 3 35 3 35 3 35 3 35 3 35
5 32 13 46 21 4 42 333 68 2
137 3 137 3 137 3 137 3 137 3 137 3 137 3 137 3 137
81 3 81 3 81 3 81 3 81 3 81 3 81 3 81 2
5 32 13 46 21 4 42 333 68 2
35 3 35 3 35 3 35 3 35 3 35 3 35 3 35 3 35
5 66 111 274 148 55 12 2
35 3 35 3 35 3 35 3 35 3 35 3 35 3 35 2
35 3 35 3 35 3 35 3 35 3 35 3 35 3 35 3 35
270 152 1328 3 549 169 2
35 3 35 3 35 3 35 3 35 3 35 3 35 3 35 2
5 32 13 46 21 4 42 333 68 2
35 3 35 3 35 3 35 3 35 3 35 3 35 3 35 2
4 42 130 6 9108 121 3702 2
5 32 13 46 21 4 42 333 68 2
19 6 201 18 6 185 15 18 6 308 15 18 6 1194 1228 2
52 137 3 137 3 137 3 137 3 137 52
35 3 35 3 35 3 35 3 35 3 35 3 35 3 35 2
35 3 35 3 35 3 35 3 35 3 35 3 35 3 35 2
35 3 35 3 35 3 35 3 35 3 35 3 35 3 35 2
35 3 35 3 35 3 35 3 35 3 35 3 35 3 35 2
5 32 13 246 12 2
780 3 44 5 180 9 4 25 10 553 7
35 3 35 3 35 3 35 3 35 3 35 3 35 3 35 2
5 32 13 46 21 4 42 333 68 2
137 3 136 2
35 3 35 3 35 3 35 3 35 3 35 3 35 3 35 2
35 3 35 3 35 3 35 3 35 3 35 3 35 3 35 2
5 195 98 9 50 27 326 337 2
35 3 35 3 35 3 35 3 35 3 35 3 35 3 35 2
35 3 35 3 35 3 35 3 35 3 35 3 35 3 35 2
5 1582 523 46 21 9 31 2
35 3 35 3 35 3 35 3 35 3 35 3 35 3 35 2
5 32 13 46 21 4 42 333 68 2
35 3 35 3 35 3 35 3 35 3 35 3 35 3 35 3 35
35 3 5 39 37 2
70 3 147 3 248 3 449 3 410 3 556 3 817 3 857 2
35 3 35 3 35 3 35 3 35 3 35 3 35 3 35 2
159 3 159 3 159 3 159 3 159 3 159 3 159 3 159 2
5 32 13 46 2
35 3 35 3 35 3 35 3 35 3 35 3 35 3 35 2
35 3 35 3 35 3 35 3 35 3 35 3 35 3 35 2
32 13 867 2
59 33 3 59 33 3 59 33 3 59 33 3 59 33 2
35 3 35 3 35 3 35 3 35 3 35 3 35 3 35 2
35 3 5 32 13 2
4 78 126 638 97 33 28 2033 7
12 227 13 2332 20 2
5 32 13 46 2
70 3 147 3 248 3 449 3 410 3 556 3 817 3 857 2
159 3 159 3 159 3 159 3 159 3 159 3 159 3 159 2
35 3 35 3 35 3 35 3 35 3 35 3 35 3 35 2
35 3 5 39 37 2
4 32 13 30 9 31 26 2
5 39 162 31 12 2
70 3 147 3 248 3 449 3 410 3 556 3 817 3 857 2
5 311 6 558 4 129 9 20 2
35 3 35 3 35 3 35 3 35 3 35 3 35 3 35 2
5 32 13 46 2
35 3 35 3 35 3 35 3 35 3 35 3 35 3 35 3 35
72 3 27 288 2
5 32 13 46 21 4 42 333 68 2
35 3 35 3 35 3 35 3 35 3 35 3 35 3 35 2
24 30 10 290 70 14
35 3 35 3 35 3 35 3 35 3 35 3 35 3 35 2
59 33 3 59 33 3 59 33 3 59 33 3 59 33 2
35 3 35 3 35 3 35 3 35 3 35 3 35 3 35 2
70 3 147 3 248 3 449 3 410 3 556 3 817 3 857 2
35 3 35 3 35 3 35 3 35 3 35 3 35 3 35 2
65 3 5 149 2
35 3 35 3 35 3 35 3 35 3 35 3 35 3 35 2
5 32 13 46 21 4 42 333 68 2
5 32 13 46 2
35 3 35 3 35 3 35 3 35 3 35 3 35 3 35 14
5 56 31 21 184 153 120 721 2
5 32 13 46 2
4 42 130 6 9108 121 3702 2
35 3 35 3 35 3 35 3 35 3 35 3 35 3 35 2
35 3 35 3 35 3 35 3 35 3 35 3 35 3 35 14
5 32 13 46 2
35 3 35 3 35 3 35 3 35 3 35 3 35 3 35 3 35
70 3 147 3 248 3 449 3 410 3 556 3 817 3 857
137 3 137 3 137 3 137 3 137 3 137 3 137 3 137 2
4 32 13 46 21 4 42 1238 2
72 3 35 3 35 3 35 3 35 3 35 3 35 3 35 2
35 3 35 3 35 3 35 3 35 3 35 3 35 3 35 2
35 3 35 3 35 3 35 3 35 3 35 3 35 3 35 2
83 11 54 14
70 3 147 3 248 3 449 3 410 3 556 3 817 3 857 2
73 166 122 12 96 328 24 66 274 426 184 7
35 3 35 3 35 3 35 3 35 3 35 3 35 3 35 2
35 3 35 3 35 3 35 3 35 3 35 3 35 3 35 2
5 32 13 46 2
35 3 35 3 35 3 35 3 35 3 35 3 35 3 35 2
35 3 35 3 35 3 35 3 35 3 35 3 35 3 35 2
5 32 13 46 21 4 42 333 68 2
5 32 13 46 21 4 42 333 68 2
35 3 35 3 35 3 35 3 35 3 35 3 35 3 35 2
35 3 35 3 35 3 35 3 35 3 35 3 35 3 35 2
35 3 35 3 35 3 35 3 35 3 35 3 35 3 35 2
24 32 13 30 6 20157 108 6 8641 9 6894 16 258 18 10 3798 2
35 3 35 3 35 3 35 3 35 3 35 3 35 3 35 2
5 32 13 46 21 4 42 333 68 2
36 64 3 36 64 3 36 64 3 36 64 3 36 64 2
137 3 137 3 137 3 137 3 137 3 137 3 137 3 137 2
16 11 37 358 2
43 4 1404 9 20 7
35 3 35 3 35 3 35 3 35 3 35 3 35 3 35 2
35 3 35 3 35 3 35 3 35 3 35 3 35 3 35 2
5 331 5 118 165 4 3 38 5 44 13 2
5 331 5 118 165 4 3 38 5 44 13 2
59 33 3 59 33 3 59 33 3 59 33 3 59 33 2
19 6 201 18 6 185 15 18 6 308 15 18 6 1194 1228 2
23 41 10 77 273 18 365 3 297 13 23 7
35 3 35 3 35 3 35 3 35 3 35 3 35 3 35 2
5 34 83 4 19 33 10 123 810 2
35 3 35 3 35 3 35 3 35 3 35 3 35 3 35 2
5 32 13 46 21 4 42 333 68 2
35 3 35 3 35 3 35 3 35 3 35 3 35 3 35 2
35 3 35 3 35 3 35 3 35 3 35 3 35 3 35 2
5 32 13 46 21 4 42 333 68 2
5 32 13 46 2
35 3 35 3 35 3 35 3 35 3 35 3 35 3 35 2
51 32 13 46 21 4 42 333 68 2
36 4680 3 5 80 4 9 39759 33 21134 1041 3 17 452 36 3171 2
5 32 13 46 2
5 218 88 243 2
5 81 57 1213 12 2
24 109 19 114 18 6 270 6675 2
35 3 35 3 35 3 35 3 35 3 35 3 35 3 35 2
5 39 37 285 18 4 2
59 33 3 59 33 3 59 33 3 59 33 3 59 33 2
5 32 13 46 21 4 42 333 68 2
72 3 35 3 35 3 35 3 35 3 35 3 35 3 35 2
35 3 35 3 35 3 35 3 35 3 35 3 35 3 35 2
70 3 147 3 248 3 449 3 410 3 556 3 817 3 857 14
35 3 35 3 35 3 35 3 35 3 35 3 35 3 35 2
35 3 5 32 13 2
35 3 35 3 35 3 35 3 35 3 35 3 35 3 35 2
204 6 349 14
5 39 333 9 4 14
35 3 35 3 35 3 35 3 35 3 35 3 35 3 35 2
5 32 13 46 2
35 3 35 3 35 3 35 3 35 3 35 3 35 3 35 2
5 32 13 46 21 4 42 333 68 2
5 32 13 46 21 4 42 333 68 2
26 22 27 199 393 2
35 3 35 3 35 3 35 3 35 3 35 3 35 3 35 2
70 3 147 3 248 3 449 3 410 3 556 3 817 3 857 2
35 3 35 3 35 3 35 3 35 3 35 3 35 3 35 2
35 3 35 3 35 3 35 3 35 3 35 3 35 3 35 2
12 11 10 758 9 348 4 2
35 3 35 3 35 3 35 3 35 3 35 3 35 3 35 2
67 182 333 9 74 3 36 64 7
65 3 12 22 2
5 32 13 46 21 4 42 333 68 2
159 3 159 3 159 3 159 3 159 3 159 3 159 3 159 2
137 3 137 3 137 3 137 3 137 3 137 3 137 3 137 2
5 32 13 46 21 4 42 333 68 2
137 3 137 3 137 3 137 3 137 3 137 3 137 3 137 2
65 3 5 149 2
5 32 13 46 21 4 42 333 68 2
35 3 35 3 35 3 35 3 35 3 35 3 35 3 35 2
23 11 78 82 1879 19 10 275 18 11670 3 87 21 5 218 2
4 42 254 14
35 3 35 3 35 3 35 3 35 3 35 3 35 3 35 2
35 3 5 39 37 2
70 3 147 3 248 3 449 3 410 3 556 3 817 3 857 2
65 3 4 85 2
35 3 35 3 35 3 35 3 35 3 35 3 35 3 35 2
5 32 13 46 21 4 42 333 68 2
5 32 13 46 2
73 43 4 7
5 39 3288 2
5 32 13 46 21 4 42 333 68 2
5 32 13 46 21 4 42 333 68 2
70 3 147 3 248 3 449 3 410 3 556 3 817 3 857 2
70 3 147 3 248 3 449 3 410 3 556 3 817 3 857 2
5 32 13 46 2
35 3 35 3 35 3 35 3 35 3 35 3 35 3 35 2
5 32 13 46 21 4 42 333 68 2
980 35601 7
24 42 45 2
112 13 5 93 4 7
35 3 35 3 35 3 35 3 35 3 35 3 35 3 35 2
5 34 29 64 97 2
35 3 35 3 35 3 35 3 35 3 35 3 35 3 35 14
35 3 35 3 35 3 35 3 35 3 35 3 35 3 35 2
35 3 35 3 35 3 35 3 35 3 35 3 35 3 35 2
5 34 90 252 18 6 9029 3 4512 3 1 23004 18 28731 2
35 3 35 3 35 3 35 3 35 3 35 3 35 3 35 2
5 39 243 14
4 42 144 62 12 175 57 22 14
5 32 13 46 2
5 32 13 46 2 52
35 3 35 3 35 3 35 3 35 3 35 3 35 3 35 2
65 3 12 41 2
35 3 35 3 35 3 35 3 35 3 35 3 35 3 35 2
5 32 13 55 88 14
35 3 35 3 35 3 35 3 35 3 35 3 35 3 35 2
35 3 35 3 35 3 35 3 35 3 35 3 35 3 35 2
16 11 241 2
65 3 24 43 2
12 11 37 397 2
27 758 2
5 32 13 46 21 4 42 333 68 2
5 32 13 46 21 4 42 333 68 2
35 3 5 112 13 2
5 32 13 46 21 4 42 333 68 2
5 32 13 46 21 4 42 333 68 2
5 32 13 46 21 4 42 333 68 2
4 42 986 64 2
5 32 13 46 2
5 32 13 46 2
5 32 13 46 21 4 42 333 68 2
35 2
35 3 35 3 35 3 35 3 35 3 35 3 35 3 35 2
5 44 13 237 12 2
5 149 37 10 438 2
35 3 35 3 35 3 35 3 35 3 35 3 35 3 35 2
5 34 90 252 18 6 9029 3 4512 3 1 23004 18 28731 2
4 34 67 741 19 139 40 20 2
35 3 35 3 35 3 35 3 35 3 35 3 35 3 35 2
12 11 4290 2
5 34 90 252 18 6 9029 3 4512 3 1 23004 18 28731 2
83 11 54 3 83 11 54 3 83 11 54 3 83 11 54 2
1537 3 59 19 2
44 24 54 163 56 7
77 138 2
35 3 35 3 35 3 35 3 35 3 35 3 35 3 35 2
32 13 703 12 2
5 34 90 252 18 6 9029 3 4512 3 1 23004 18 28731 2
59 45 2
5 34 29 64 97 2
129 20 97 27 191 14
70 3 147 3 248 3 449 3 410 3 556 3 817 3 857 2
5 195 114 676 2
137 3 4 85 2
35 3 35 3 35 3 35 3 35 3 35 3 35 3 35 2
35 3 35 3 35 3 35 3 35 3 35 3 35 3 35 2
35 3 35 3 35 3 35 3 35 3 35 3 35 3 35 2
5 706 6 203 2
5 706 6 153 2
131 4 3 106 2
35 3 35 3 35 3 35 3 35 3 35 3 35 3 35 2
35 3 35 3 35 3 35 3 35 3 35 3 35 3 35 2
24 42 243 130 2
35 3 35 3 35 3 35 3 35 3 35 3 35 3 35 2
5 34 90 252 18 12 2
59 33 2
59 33 14
5 706 6 203 2
5 39 2508 3 15 5 290 45 19 166 1158 40 27 256 3 1 2
5 32 13 46 2
5 32 13 46 2
12 491 16072 28 1284 3120 17 17 158 3074 17 17 22 91 3964 446 2
35 3 35 3 35 3 35 3 35 3 35 3 35 3 35 2
398 165 20 14
35 3 35 3 35 3 35 3 35 3 35 3 35 3 35 2
35 3 35 3 35 3 35 3 35 3 35 3 35 3 35 2
35 3 35 3 35 3 35 3 35 3 35 3 35 3 35 2
5 32 13 46 2
35 3 35 3 35 3 35 3 35 3 35 3 35 3 35 2
35 3 35 3 35 3 35 3 35 3 35 3 35 3 35 2
8798 3 24 43 91 116 14
5 32 13 46 21 4 42 333 68 2
5 32 13 46 21 4 42 333 68 2
83 11 54 3 83 11 54 3 83 11 54 3 83 11 54 2
5 32 13 46 2
23 11 100 6437 2
137 3 136 2
4315 76 10 392 11 1660 2
35 3 35 3 35 3 35 3 35 3 35 3 35 3 35 2
35 3 35 3 35 3 35 3 35 3 35 3 35 3 35 2
35 3 35 3 35 3 35 3 35 3 35 3 35 3 35 2
35 3 35 3 35 3 35 3 35 3 35 3 35 3 35 2
5 359 252 18 205 2
72 3 27 288 2
5 32 13 46 2
229 9 348 4 2
24 441 50 74 9 6 831 2
35 3 35 3 35 3 35 3 35 3 35 3 35 3 35 2
35 3 35 3 35 3 35 3 35 3 35 3 35 3 35 2
35 3 35 3 35 3 35 3 35 3 35 3 35 3 35 2
35 3 35 3 35 3 35 3 35 3 35 3 35 3 35 14
159 3 159 3 159 3 159 3 159 3 159 3 159 3 159 2
5 39 333 9 4 2
131 4 3 106 2
5 32 13 46 21 4 42 333 68 2
35 3 35 3 35 3 35 3 35 3 35 3 35 3 35 2
5 32 13 46 21 4 42 333 68 2
5 32 13 46 2
59 33 3 59 33 3 59 33 3 59 33 3 59 33 14
5 267 9 1001 6 404 18 27 192 40 4
5 246 77 14
5 215 13 30 148 9 31 40 12 2
5 32 13 46 2
5 215 13 30 148 9 31 40 12 2
5 34 29 64 97 2
4 107 28 515 2
118 5 180 9 4 25 10 553 7
35 3 159 3 159 3 159 3 159 3 159 3 159 3 159 2
35 3 35 3 35 3 35 3 35 3 35 3 35 3 35 2
5 32 13 46 2
35 3 35 3 35 3 35 3 35 3 35 3 35 3 35 2
31 4 55 12 7
35 3 35 3 35 3 35 3 35 3 35 3 35 3 35 2
35 3 35 3 35 3 35 3 35 3 35 3 35 3 35 2 52
5 39 37 842 2
35 3 35 3 35 3 35 3 35 3 35 3 35 3 35 2
35 12335 3 35 9735 2
35 3 35 3 35 3 35 3 35 3 35 3 35 3 35 3 35
12 491 16072 28 1284 3120 17 17 158 3074 17 17 22 91 3964 446 2
4 4823 9 29 3294 25 21 4 85 9 5201 2
35 3 35 3 35 3 35 3 35 3 35 3 35 3 35 2
4 44 75 88 3 38 4 44 13 75 88 2
35 3 35 3 35 3 35 3 35 3 35 3 35 3 35 2
35 3 35 3 35 3 35 3 35 3 35 3 35 3 35 2
35 3 35 3 35 3 35 3 35 3 35 3 35 3 35 2
35 3 35 3 35 3 35 3 35 3 35 3 35 3 35 2
12 11 36 64 2
35 3 35 3 35 3 35 3 35 3 35 3 35 3 35 2
12 11 105 3 105 3 105 3 105 3 105 3 105 3 105 17
5 149 37025 19 556 7949 3 15 5 149 37025 19 556 7949 2
35 3 35 3 35 3 35 3 35 3 35 3 35 3 35 2
16 41 6 896 2
26 167 13 1713 2
137 3 137 3 137 3 137 3 137 3 137 3 137 3 137 2
72 3 35 3 35 3 35 3 35 3 35 3 35 3 35 2
5 32 13 46 2
5 32 13 46 2
35 3 35 3 35 3 35 3 35 3 35 3 35 3 35 3 35
129 20 28 470 2
243 9 3560 29883 2
50 1921 6 349 2
35 3 35 3 35 3 35 3 35 3 35 3 35 3 35 2
35 3 35 3 35 3 35 3 35 3 35 3 35 3 35 2
5 32 13 46 2
19 6 201 18 6 185 15 18 6 308 15 18 6 1194 2083
35 3 35 3 35 3 35 3 35 3 35 3 35 3 35 2
5 32 13 46 2
51 75 4 2
5 75 12 3 5 75 12 3 5 75 12 3 5 75 12 2
12 11 37 47 2
59 33 3 83 11 54 3 83 11 54 3 83 11 54 2
72 3 35 3 35 3 35 3 35 3 35 3 35 3 35 2
35 3 35 3 35 3 35 3 35 3 35 3 35 3 35 2
477 3 477 3 477 3 477 3 477 3 477 3 477 3 477 2
35 3 35 3 35 3 35 3 35 3 35 3 35 3 35 2
5 32 13 46 2
5 32 13 46 2
5 34 75 4 19 6 217 2
35 3 35 3 35 3 35 3 35 3 35 3 35 3 35 2
35 3 35 3 35 3 35 3 35 3 35 3 35 3 35 2
35 3 35 3 35 3 35 3 35 3 35 3 35 3 35 2
5 32 13 46 2
5 46 3 5 46 3 5 46 3 5 46 3 5 46 2
70 3 147 3 248 3 449 3 410 3 556 3 817 3 857 2
12 11 6 309 362 156 5 66 194 274 2
35 3 35 3 35 3 35 3 35 3 35 3 35 3 35 2
35 3 35 3 35 3 35 3 35 3 35 3 35 3 35 2
59 33 2
35 3 35 3 35 3 35 3 35 3 35 3 35 3 35 2
35 3 35 3 35 3 35 3 35 3 35 3 35 3 35 2
35 3 35 3 35 3 35 3 35 3 35 3 35 3 35 2
5 32 13 46 2
5 39 6 308 18 10 2449 14
65 3 12 22 2
16 11 105 3 105 3 105 3 105 3 105 3 105 3 105 17
23 11 330 442 14
5 32 13 46 2
131 4 2
65 3 5 85 2
5 32 13 46 2
229 9 348 4 2
35 3 35 3 35 3 35 3 35 3 35 3 35 3 35 2
35 3 35 3 35 3 35 3 35 3 35 3 35 3 35 2
59 33 3 421 12 14
35 3 35 3 35 3 35 3 35 3 35 3 35 3 35 2
5829 4384 22 281 2
5 32 13 46 21 4 42 333 68 2
5 39 1405 872 4084 3 5585 6068 352 2
131 4 2
35 3 35 3 35 3 35 3 35 3 35 3 35 3 35 2
35 3 35 3 35 3 35 3 35 3 35 3 35 3 35 2
5 32 13 46 2
4 4823 9 29 3294 25 21 4 85 9 5201 2
35 3 35 3 35 3 35 3 35 3 35 3 35 3 35 2
5 39 333 9 4 2
5 32 13 46 2
5 32 13 46 21 4 42 333 68 2
35 3 35 3 35 3 35 3 35 3 35 3 35 3 35 2
5 706 48 3 5 706 48 3 5 706 48 3 5 706 48 2
5 39 1405 872 4084 3 5585 6068 352 2
5 32 13 46 21 4 42 333 68 2
5 32 13 46 2
54 33 2
35 3 35 3 35 3 35 3 35 3 35 3 35 3 35 2
5 32 13 46 21 4 42 333 68 2
5 32 13 46 2
131 4 3 106 2
1790 3 1790 3 1790 3 1790 3 1790 3 1790 3 1790 3 1790 14
131 4 105 132 2
35 3 131 4 2
16 11 104 132 2
5 32 13 46 2
35 3 35 3 35 3 35 3 35 3 35 3 35 3 35 2
5 32 13 46 2
5 195 114 191 2
566 3 44 5 180 9 4 25 10 553 7
44 4 75 20 7
35 3 5 32 13 80 12 2
35 3 5 39 37 2
137 3 137 3 137 3 137 3 137 3 137 3 137 3 137 2
35 3 35 3 35 3 35 3 35 3 35 3 35 3 35 2
449 3 248 3 147 3 70 2
750 3 106 2
5 32 13 46 21 4 42 333 68 2
35 3 35 3 35 3 35 3 35 3 35 3 35 3 35 2
35 3 35 3 35 3 35 3 35 3 35 3 35 3 35 2
5 32 13 46 2
248 3 449 3 410 3 556 3 817 3 857 3 1240 3 613 2
5 32 13 46 21 4 42 333 68 2
5 39 1307 3 5 39 1307 3 5 39 1307 3 5 39 1307 2
35 3 35 3 35 3 35 3 35 3 35 3 35 3 35 2
35 3 35 3 35 3 35 3 35 3 35 3 35 3 35 2
5 32 13 46 2
35 3 35 3 35 3 35 3 35 3 35 3 35 3 35 2
5 32 13 46 21 4 42 333 68 2
35 3 35 3 35 3 35 3 35 3 35 3 35 3 35 2
5 32 13 46 21 4 42 333 68 2
5 195 114 191 2
50 8 50 8 50 8 50 8 50 8 50 8 50 8 50 14
35 3 35 3 35 3 35 3 35 3 35 3 35 3 35 2
24 43 19 8786 18 1807 2
70 3 147 3 248 3 449 3 410 3 556 3 817 3 857 2
5 706 6 203 2
5 32 13 46 21 4 42 333 68 2
5 706 6 203 2
35 3 12 167 13 2
716 8990 32144 1164 2
35 3 35 3 35 3 35 3 35 3 35 3 35 3 35 2
5 34 29 47 76 334 76 5 44 2
35 3 35 3 35 3 35 3 35 3 35 3 35 3 35 2
59 45 2
5 34 90 252 18 6 9029 3 4512 3 1 23004 18 28731 2
31 4 55 12 7
12 11 10 758 9 348 4 2
5829 4384 22 281 2
86 22 12 7
59 45 14
70 3 147 3 248 3 449 3 410 3 556 3 817 3 857 2
5 526 12 14
5 34 29 97 76 334 76 5 44 2
35 3 35 3 35 3 35 3 35 3 35 3 35 3 35 2
101 4 55 114 424 7
35 3 35 3 35 3 35 3 35 3 35 3 35 3 35 2
35 3 35 3 35 3 35 3 35 3 35 3 35 3 35 2
70 3 147 3 248 3 449 3 410 3 556 3 817 3 857 2
8055 87 34697 3019 2
65 3 5 149 2
70 3 147 3 248 3 449 3 410 3 556 3 817 3 857 2
724 724 724 724 14
77 2
229 9 348 4 2
228 1667 4 69 228
5 32 13 46 21 4 42 333 68 2
70 3 147 3 248 3 449 3 410 3 556 3 817 3 857 2
35 3 35 3 35 3 35 3 35 3 35 3 35 3 35 2
35 2
12 11 1713 2
65 3 12 22 2
35 3 35 3 35 3 35 3 35 3 35 3 35 3 35 2
72 3 27 288 14
5545 13660 3 127 2
12 44 13 29 2
35 3 35 3 35 3 35 3 35 3 35 3 35 3 35 2
35 3 35 3 35 3 35 3 35 3 35 3 35 3 35 2
24 34 29 47 3 24 34 29 47 3 24 34 29 47
36 64 3 36 64 3 36 64 3 36 64 3 36 64 2
5 32 13 80 9 29 10 4997 2
35 3 35 3 35 3 35 3 35 3 35 3 35 3 35 2
35 3 35 3 35 3 35 3 35 3 35 3 35 3 35 2
35 3 35 3 35 3 35 3 35 3 35 3 35 3 35 2
5 80 9 75 21 11 235 18 12 2
35 3 35 3 35 3 35 3 35 3 35 3 35 3 35 2
35 3 35 3 35 3 35 3 35 3 35 3 35 3 35 2
35 3 35 3 35 3 35 3 35 3 35 3 35 3 35 2
35 3 35 3 35 3 35 3 35 3 35 3 35 3 35 2
35 3 35 3 35 3 35 3 35 3 35 3 35 3 35 2
5 32 13 46 2
10 785 988 22 10 275 18 191 2
104 293 2470 3 771 7
35 3 35 3 35 3 35 3 35 3 35 3 35 3 35 2
35 3 35 3 35 3 35 3 35 3 35 3 35 3 35 14
12 11 96 10 166 731 2368 121 87 47 9 45 2
35 3 35 3 35 3 35 3 35 3 35 3 35 3 35 14
35 3 35 3 35 3 35 3 35 3 35 3 35 3 35 2
35 3 35 3 35 3 35 3 35 3 35 3 35 3 35 2
28 376 22 45 2
5 32 13 46 21 4 42 333 68 2
5 44 1184 126 1071
35 3 35 3 35 3 35 3 35 3 35 3 35 3 35 3 35
72 3 35 3 35 3 35 3 35 3 35 3 35 3 35 14
35 3 35 3 35 3 35 3 35 3 35 3 35 3 35 2
44 5 180 9 4 25 10 250 7
35 3 5 112 13 93 48 2
83 11 75 53 24 44 50 10 1567 102 62 12 2
35 3 35 3 35 3 35 3 35 3 35 3 35 3 35 2
464 3 12 216 3 227 13 12 7
36 64 3 36 64 3 36 64 3 36 64 3 36 64 2
35 3 35 3 35 3 35 3 35 3 35 3 35 3 35 14
190 3 190 3 190 3 190 3 190 3 190 3 190 3 190 2
340 11 5974 3 1 1 2 722 2
36 64 3 36 64 3 36 64 3 36 64 3 36 64 2
5 32 13 46 2
35 3 35 3 35 3 35 3 35 3 35 3 35 3 35 2
6 164 1779 18 3505 34179 22 4 31 37 221 738 2
51 50 814 3 51 50 814 3 51 50 814 3 51 50 814 2
5 32 13 46 21 4 42 333 68 2
5 32 13 46 21 4 42 333 68 2
12 11 68 6 8406 18 6 37323 2
5 32 13 46 2
5 32 13 46 21 4 42 333 68 2
4 15 28 507 2
16 11 6 115 12 22 2
5 32 13 46 21 4 42 333 68 2
5 215 13 30 1198 12 25 6 272 2
31 4 30 20 7
35 3 35 3 35 3 35 3 35 3 35 3 35 3 35 2
51 69 614 4 19 6 97 18 6 326 2
5 32 13 80 9 180 68 12 2
35 3 35 3 35 3 35 3 35 3 35 3 35 3 35 2
5 32 13 46 21 4 42 333 68 2
40 36 1595 1214 3 106 3 5 32 13 46 21 4 42 333 68 2
35 3 5 242 13 2
5 32 13 46 21 4 42 333 68 2
35 3 35 3 35 3 35 3 35 3 35 3 35 3 35 2
5 32 13 46 2
35 3 35 3 35 3 35 3 35 3 35 3 35 3 35 2
15 89 23 1526 3 23 1526 104 132 2
5 527 4 43 2
35 3 35 3 35 3 35 3 35 3 35 3 35 3 35 2
35 3 35 3 35 3 35 3 35 3 35 3 35 3 35 2
5 32 13 46 2
5 32 13 46 21 4 42 333 68 2
5 32 13 80 88 9 75 20 14
35 3 35 3 35 3 35 3 35 3 35 3 35 3 35 2
5 80 9 93 4 128 2
35 3 35 3 35 3 35 3 35 3 35 3 35 3 35 2
35 3 35 3 35 3 35 3 35 3 35 3 35 3 35 2
79 37 7
35 3 35 3 35 3 35 3 35 3 35 3 35 3 35 2
72 3 35 3 35 3 35 3 35 3 35 3 35 3 35 2
35 3 35 3 35 3 35 3 35 3 35 3 35 3 35 2
5 32 13 46 2
35 3 35 3 35 3 35 3 35 3 35 3 35 3 35 2
72 3 72 3 72 3 72 3 72 3 72 3 72 3 72 2
35 3 35 3 35 3 35 3 35 3 35 3 35 3 35 2
52 79 3 79 3 79 3 79 3 79 3 79 3 79 3 79 7
35 3 35 3 35 3 35 3 35 3 35 3 35 3 35 2
23 11 37 779 2
35 3 35 3 35 3 35 3 35 3 35 3 35 3 35 2
73 31 4 31 7
23 107 10 470 2
1542 3 1542 3 1542 3 1542 3 1542 3 1542 3 1542 3 1542 2
70 3 147 3 248 3 449 3 410 3 556 3 817 3 857 2
5 32 13 80 9 180 9 48 2
5 32 13 46 21 4 42 333 68 2
35 3 35 3 35 3 35 3 35 3 35 3 35 3 35 2
5 39 10 206 207 2
35 3 35 3 35 3 35 3 35 3 35 3 35 3 35 14
5 39 160 2
70 3 147 3 248 3 449 3 410 3 556 3 817 3 857 2
38 56 5 31 2
5 32 13 46 21 4 42 333 68 2
35 3 35 3 35 3 35 3 35 3 35 3 35 3 35 2
31 4 218 21 5 39 498 7
70 3 147 3 248 3 449 3 410 3 556 3 817 3 857 2
23 11 37 47 7
35 3 35 3 35 3 35 3 35 3 35 3 35 3 35 2
35 3 35 3 35 3 35 3 35 3 35 3 35 3 35 2
26 22 28 2009 2
60 3 37 573 2
35 3 35 3 35 3 35 3 35 3 35 3 35 3 35 3 35
23 227 13 46 21 23 11 210 2
6 8644 5805 3692 2
35 3 35 3 35 3 35 3 35 3 35 3 35 3 35 2
35 3 35 3 35 3 35 3 35 3 35 3 35 3 35 2
5 527 4 43 2
16 11 27 292 2
35 3 35 3 35 3 35 3 35 3 35 3 35 3 35 2
59 33 3 59 2
35 3 35 3 35 3 35 3 35 3 35 3 35 3 35 2
5 32 13 46 21 4 42 333 68 2
5 32 13 46 21 4 42 333 68 2
105 2163 18 4 2
5 32 13 46 21 4 42 333 68
35 3 35 3 35 3 35 3 35 3 35 3 35 3 35 2
5 32 13 46 21 4 42 333 68
5 32 13 46 2
35 3 35 3 35 3 35 3 35 3 35 3 35 3 35 2
16 11 37 773 2
5 32 13 46 2
35 3 35 3 35 3 35 3 35 3 35 3 35 3 35 2
5 32 13 46 2
36 64 3 36 64 3 36 64 3 36 64 3 36 64 2
1542 3 1542 3 1542 3 1542 3 1542 3 1542 3 1542 3 1542 2
137 3 137 3 137 3 137 3 137 3 137 3 137 3 137 2
15 5 139 4 3 5 139 4 3 5 139 4 3 5 139 4 2
5 32 13 46 21 4 42 333 68 2
5 32 13 46 21 4 42 333 68 2
35 3 35 3 35 3 35 3 35 3 35 3 35 3 35 2
35 3 35 3 35 3 35 3 35 3 35 3 35 3 35 2
35 3 35 3 35 3 35 3 35 3 35 3 35 3 35 2
5 32 13 46 21 4 42 333 68 2
65 3 340 14727 2
35 3 35 3 35 3 35 3 35 3 35 3 35 3 35 2
12 11 10 123 761 19 6 217 25 9443 15 396 2
5 139 4 3 5 139 4 3 5 139 4 3 5 139 4 14
35 3 35 3 35 3 35 3 35 3 35 3 35 3 35 2
35 3 35 3 35 3 35 3 35 3 35 3 35 3 35 2
35 3 35 3 35 3 35 3 35 3 35 3 35 3 35 2
24 42 91 116 14
5 32 13 46 2
35 3 35 3 35 3 35 3 35 3 35 3 35 3 35 2
6 9554 18 288 7
24 42 33 117 115 2
35 3 35 3 35 3 35 3 35 3 35 3 35 3 35 2
5 32 13 46 21 4 42 333 68 2
5 32 13 46 68 4 3 38 5 30 10 275 18 203 9 31 2
340 11 5974 3 1 1 2 722 2
5 32 13 46 21 4 42 333 68 2
2391 16 3 805 2
65 3 106 2
35 3 35 3 35 3 35 3 35 3 35 3 35 3 35 2
35 3 35 3 35 3 35 3 35 3 35 3 35 3 35 2
12 11 74 1321 2
5 32 13 46 21 4 42 333 68 2
35 3 35 3 35 3 35 3 35 3 35 3 35 3 35 2
5 32 13 46 21 4 42 333 68 2
35 3 35 3 35 3 35 3 35 3 35 3 35 3 35 2
5 32 13 46 21 4 42 333 68 2
35 3 35 3 35 3 35 3 35 3 35 3 35 3 35 2
279 730 10 98 19 10 13222 620 3 47 979 10 298 933 2
35 3 35 3 35 3 35 3 35 3 35 3 35 3 35 2
5 32 13 46 2
5 143 3 52 5 32 13 46 21 4 42 333 68 2 52
47 41 140 24 118 31 2
35 3 35 3 35 3 35 3 35 3 35 3 35 3 35 2
6 325 3 8225 2
190 3 190 3 190 3 190 3 190 3 190 3 190 3 190 2
35 3 35 3 35 3 35 3 35 3 35 3 35 3 35 2
35 3 35 3 35 3 35 3 35 3 35 3 35 3 35 2
5 32 13 46 21 4 42 333 68 2
67 100 8767 1509 2
5 39 160 2
35 3 35 3 35 3 35 3 35 3 35 3 35 3 35 14
41 1 32085 1 7
5 32 13 46 21 4 42 333 68 2
24 32 13 30 6 20157 108 6 8641 9 6894 16 258 18 10 3798 2
35 3 35 3 35 3 35 3 35 3 35 3 35 3 35 14
5 69 111 590 4 17 25 21 5 85 9 4 2
5 32 13 46 2
1789 787 3 688 2
35 3 35 3 35 3 35 3 35 3 35 3 35 3 35 2
5 32 13 46 2
176 43 6 14121 2
70 3 147 3 248 3 449 3 410 3 556 3 817 3 857 2
35 3 35 3 35 3 35 3 35 3 35 3 35 3 35 2
35 3 35 3 35 3 35 3 35 3 35 3 35 3 35 2
3342 15 1484 865 2
35 3 35 3 35 3 35 3 35 3 35 3 35 3 35 2
35 3 35 3 35 3 35 3 35 3 35 3 35 3 35 2
5 32 13 46 2
5 609 2
70 3 147 3 248 3 449 3 410 3 556 3 817 3 857 2
5 32 13 46 2
35 3 35 3 35 3 35 3 35 3 35 3 35 3 35 2
5 32 13 46 2
35 3 35 3 35 3 35 3 35 3 35 3 35 3 35 2
5 39 10 316 2
5 32 13 46 2
65 3 5 85 2
35 3 35 3 35 3 35 3 35 3 35 3 35 3 35 2
5 32 13 46 21 4 42 333 68 2
35 3 35 3 35 3 35 3 35 3 35 3 35 3 35 2
52 391 5588 48 2
35 3 35 3 35 3 35 3 35 3 35 3 35 3 35 2
72 3 27 288 2
5 32 13 46 21 4 42 333 68 2
35 3 35 3 35 3 35 3 35 3 35 3 35 3 35 2
72 3 35 3 35 3 35 3 35 3 35 3 35 3 35 2
159 3 159 3 159 3 159 3 159 3 159 3 159 3 159 2
35 3 35 3 35 3 35 3 35 3 35 3 35 3 35 2
35 3 35 3 35 3 35 3 35 3 35 3 35 3 35 2
35 3 35 3 35 3 35 3 35 3 35 3 35 3 35 2
131 4 2
5 32 13 46 2
5 32 13 46 2
27 1789 197 110 2
15 51 139 48 2
65 3 5 41 2
12 230 13 55 5 39 48179 121 25 1801 2155 45 2
5 32 13 46 21 4 42 333 68 2
200 1078 71 179 2
32 13 102 62 20 55 16 2
5 32 13 46 2
35 3 35 3 35 3 35 3 35 3 35 3 35 3 35 2
5 32 13 46 2
72 3 35 3 35 3 35 3 35 3 35 3 35 3 35 3 35
5 32 13 46 2
5 32 13 46 2
35 3 35 3 35 3 35 3 35 3 35 3 35 3 35 2
72 3 35 3 35 3 35 3 35 3 35 3 35 3 35 2
35 3 35 3 35 3 35 3 35 3 35 3 35 3 35 2
35 3 35 3 35 3 35 3 35 3 35 3 35 3 35 2
31 4 218 20 7
83 11 54 3 83 11 54 3 83 11 54 3 83 11 54 2
5 46 3 5 46 3 5 46 3 5 46 3 5 46 2
5 32 13 46 2
35 3 35 3 35 3 35 3 35 3 35 3 35 3 35 2
35 3 35 3 35 3 35 3 35 3 35 3 35 3 35 2
35 3 35 3 35 3 35 3 35 3 35 3 35 3 35 2
24 42 91 9 119 10 241 1426 2
10 275 18 3803 2
5 32 13 46 2
56 3 53 4 34 354 20 3 5 30 203 9 31 2
35 3 35 3 35 3 35 3 35 3 35 3 35 3 35 3 35
35 3 35 3 35 3 35 3 35 3 35 3 35 3 35 2
5 32 13 46 2
35 3 35 3 35 3 35 3 35 3 35 3 35 3 35 2
35 3 5 32 13 80 12 2
5 32 13 46 21 4 42 333 68 2
35 3 35 3 35 3 35 3 35 3 35 3 35 3 35 2
65 3 12 22 2
35 3 35 3 35 3 35 3 35 3 35 3 35 3 35 2
137 3 137 3 137 3 137 3 137 3 137 3 137 3 137 2
12 11 37 10 763 3 12 11 10 763 2
43 4 1404 9 20 7
35 3 35 3 35 3 35 3 35 3 35 3 35 3 35 2
16 11 241 2
5 32 13 46 21 4 42 333 68 2
23 227 13 252 2
5 32 13 46 21 4 42 333 68 2
70 3 147 3 248 3 449 3 410 3 556 3 817 3 857 2
5 32 13 81 58 2
35 3 35 3 35 3 35 3 35 3 35 3 35 3 35 2
12 11 6 325 156 16 194 264 9 20 2
35 3 35 3 35 3 35 3 35 3 35 3 35 3 35 2
5 32 13 46 21 4 42 333 68 2
35 3 35 3 35 3 35 3 35 3 35 3 35 3 35 2
5 66 78 9 5655 16977 2
59 33 3 59 33 3 59 33 3 59 33 3 59 33 2
35 3 35 3 35 3 35 3 35 3 35 3 35 3 35 2
137 3 137 3 137 3 137 3 137 3 137 3 137 3 137 2
52 1 3 1 3 1 3 1 3 1 3 1 3 1 3 1 52
72 3 213 3 72 3 213 3 72 3 213 3 72 3 213 2
56 3 53 4 34 354 20 3 5 30 203 9 31 2
70 3 147 3 248 3 449 3 410 3 556 3 817 3 857 2
70 3 147 3 248 3 449 3 410 3 556 3 817 3 857 2
72 3 65 3 65 3 65 3 65 3 65 3 65 3 65 2
70 3 147 3 248 3 449 3 410 3 556 3 817 3 857 2
36 64 3 36 64 3 36 64 3 36 64 3 36 64 2
5824 3 5824 3 5824 3 5824 3 5824 3 5824 3 5824 3 5824 2
35 3 35 3 35 3 35 3 35 3 35 3 35 3 35 3 35
35 3 35 3 35 3 35 3 35 3 35 3 35 3 35 2
59 33 3 59 33 3 59 33 3 59 33 3 59 33 3 59 33
35 3 35 3 35 3 35 3 35 3 35 3 35 3 35 2
35 2
35 3 35 3 35 3 35 3 35 3 35 3 35 3 35 2
5 78 12 87 10 273 18 365 2
57 11 78 10 648 25 4 2
70 3 147 3 248 3 449 3 410 3 556 3 817 3 857 2
70 3 147 3 248 3 449 3 410 3 556 3 817 3 857 2
70 3 147 3 248 3 449 3 410 3 556 3 817 3 857 2
73 293 478 31 5 30 9 93 4 7
5 39 160 2
35 3 35 3 35 3 35 3 35 3 35 3 35 3 35 2
5 30 9 54 2
35 3 35 3 35 3 35 3 35 3 35 3 35 3 35 2
159 3 159 3 159 3 159 3 159 3 159 3 159 3 159 2
5 34 29 97 76 334 76 5 44 2
44 5 180 9 4 25 10 553 7
35 3 35 3 35 3 35 3 35 3 35 3 35 3 35 14
5 32 13 46 2
23 11 78 10 275 18 4079 2
70 3 147 3 248 3 449 3 410 3 556 3 817 3 857 2
137 3 137 3 137 3 137 3 137 3 137 3 137 3 137 2
12 11 36 27 734 2
35 3 35 3 35 3 35 3 35 3 35 3 35 3 35 2
744 3 12 11 1887 14727 2
137 3 137 3 137 3 137 3 137 3 137 3 137 3 137 2
12 41 82 10400 3 170 2
35 3 35 3 35 3 35 3 35 3 35 3 35 3 35 2
15 56 3 655 15 395 3 6 402 4 66 36 96 366 25 2
5 32 13 46 2
35 2
12 11 10 758 9 348 4 2
12 41 229 2
35 3 35 3 35 3 35 3 35 3 35 3 35 3 35 2
5 323 26 19 27 42049 2
5 32 13 46 2
1001 36 27 191 33 29260 2
35 3 35 3 35 3 35 3 35 3 35 3 35 3 35 2
2165 3 21 11 63 3 94 7
50 20 61 18 45 14
16 11 37 91 9 456 2
129 20 6 3783 2
35 3 35 3 35 3 35 3 35 3 35 3 35 3 35 2
35 3 5 242 13 274 48 2
5 32 13 46 21 4 42 333 68 2
5 32 13 46 21 4 42 333 68 2
5 32 13 46 21 4 42 333 68 2
5 39 160 2
5 32 13 46 21 4 42 333 68 2
65 3 5 149 2
35 2472 3 35 2472 3 35 2472 2
35 3 4 112 13 2
35 3 12 227 13 2
70 3 147 3 248 3 449 3 410 3 556 3 817 3 857 14
6 1575 623 18 1588 5112 2
137 2
35 3 35 3 35 3 35 3 35 3 35 3 35 3 35 2
72 3 72 3 72 3 72 3 72 3 72 3 72 3 72 2
5 32 13 46 21 4 42 333 68 2
35 3 35 3 35 3 35 3 35 3 35 3 35 3 35 2
6 1333 18 1333 15 8703 14
16 11 21 5 39 2923 121 68 2
35 3 4 42 37 2
35 3 35 3 35 3 35 3 35 3 35 3 35 3 35 3 35
35 3 35 3 35 3 35 3 35 3 35 3 35 3 35 2
5 39 266 2
65 3 24 43 2
36 64 3 36 64 3 36 64 3 36 64 3 36 64 2
70 3 147 3 248 3 449 3 410 3 556 3 817 3 857 2
19 6 201 18 6 185 3 6 308 15 6 1194 2083 2
137 3 5 39 136 2
35 3 35 3 35 3 35 3 35 3 35 3 35 3 35 2
35 3 35 3 35 3 35 3 35 3 35 3 35 3 35 14
5 39 254 2
35 3 35 3 35 3 35 3 35 3 35 3 35 3 35 2
24 78 4 3 24 78 4 3 24 78 4 3 24 78 4 2
70 3 147 3 248 3 449 3 410 3 556 3 817 3 857 2
35 3 35 3 35 3 35 3 35 3 35 3 35 3 35 2
4 42 40 99 2
5 32 13 46 21 4 42 333 68 2
5 32 13 237 12 2
5 32 13 46 21 4 42 333 68 2
35 3 35 3 35 3 35 3 35 3 35 3 35 3 35 2
35 3 35 3 35 3 35 3 35 3 35 3 35 3 35 2
35 3 35 3 35 3 35 3 35 3 35 3 35 3 35 2
35 3 35 3 35 3 35 3 35 3 35 3 35 3 35 2
70 3 147 3 248 3 449 3 410 3 556 3 817 3 857 14
35 3 35 3 35 3 35 3 35 3 35 3 35 3 35 2
5 32 13 46 21 4 42 333 68 2
24 42 36 6 270 2
12 11 391 2
159 3 159 3 159 3 159 3 159 3 159 3 159 3 159 2
5 32 13 46 21 4 42 333 68 2
83 11 54 14
553 3 5 139 27 463 2
5 32 13 46 21 4 42 333 68 2
35 3 35 3 35 3 35 3 35 3 35 3 35 3 35 2
35 3 35 3 35 3 35 3 35 3 35 3 35 3 35 2
35 3 35 3 35 3 35 3 35 3 35 3 35 3 35 2
35 3 35 3 35 3 35 3 35 3 35 3 35 3 35 2
35 3 131 4 2
4 42 162 29 544 2
5 32 13 46 21 4 42 333 68 2
35 3 35 3 35 3 35 3 35 3 35 3 35 3 35 3 35
5 34 29 64 97 2
35 3 35 3 35 3 35 3 35 3 35 3 35 3 35 2
5 112 13 145 9 1987 4 2
5 32 13 46 2
12 11 10 105 1906 470 2
35 3 35 3 35 3 35 3 35 3 35 3 35 3 35 2
35 3 35 3 35 3 35 3 35 3 35 3 35 3 35 2
35 3 35 3 35 3 35 3 35 3 35 3 35 3 35 2
5 32 13 46 21 4 42 333 68 2
6 12788 1979 22 13457 14
35 3 35 3 35 3 35 3 35 3 35 3 35 3 35 2
4 112 13 770 63 2
35 3 35 3 35 3 35 3 35 3 35 3 35 3 35 3 35
5 32 13 46 21 4 42 333 68 2
35 3 35 3 35 3 35 3 35 3 35 3 35 3 35 3 35
355 6 338 2
35 3 35 3 35 3 35 3 35 3 35 3 35 3 35 2
35 3 35 3 35 3 35 3 35 3 35 3 35 3 35 2
4 43 2316 9 29 323 14
86 101 406 4 10 8360 55 16 7
5 32 13 46 21 4 42 333 68 2
5 44 13 2
35 3 35 3 35 3 35 3 35 3 35 3 35 3 35 2
72 3 35 3 35 3 35 3 35 3 35 3 35 3 35 2
35 3 35 3 35 3 35 3 35 3 35 3 35 3 35 2
36 64 3 36 64 3 36 64 3 36 64 3 36 64 14
5 32 13 46 21 4 42 333 68 2
35 3 35 3 35 3 35 3 35 3 35 3 35 3 35 3 35
5 32 13 46 2
72 3 35 3 35 3 35 3 35 3 35 3 35 3 35 2
35 3 35 3 35 3 35 3 35 3 35 3 35 3 35 14
5 32 13 46 21 4 42 333 68 2
35 3 35 3 35 3 35 3 35 3 35 3 35 3 35 2
16 11 36 5 80 2
35 3 35 3 35 3 35 3 35 3 35 3 35 3 35 2
65 3 57 85 2
5 32 13 46 2
5 32 13 46 21 4 42 333 68 2
47 11 35 1203 19 1330 14
5 39 266 2
36 64 3 36 64 3 36 64 3 36 64 3 36 64 2
35 3 35 3 35 3 35 3 35 3 35 3 35 3 35 2
50 63 14
44 5 180 9 4 25 10 553 7
12 22 91 9 1195 2
35 3 35 3 35 3 35 3 35 3 35 3 35 3 35 2
5 32 13 46 2
35 3 35 3 35 3 35 3 35 3 35 3 35 3 35 2
35 3 35 3 35 3 35 3 35 3 35 3 35 3 35 2
59 33 3 59 33 3 59 33 3 59 33 3 59 33 2
70 3 147 3 248 3 449 3 410 3 556 3 817 3 857 2
121 35 3 35 3 35 3 35 3 35 3 35 3 35 3 35 2
5 34 90 252 18 6 9029 3 4512 3 1 23004 18 28731 14
5 32 13 46 21 4 42 333 68 2
12 11 63 9 4 2
35 3 35 3 35 3 35 3 35 3 35 3 35 3 35 2
35 3 35 3 35 3 35 3 35 3 35 3 35 3 35 2
5 112 13 31 12 2
131 4 2
127 32 13 186 20 2
5 32 13 46 21 4 42 333 68 2
35 3 35 3 35 3 35 3 35 3 35 3 35 3 35 3 35
54 3 54 3 54 3 54 3 54 3 54 3 54 3 54 3 54
23 373 9 995 6 8139 2
72 3 31 10 77 324 2
35 3 35 3 35 3 35 3 35 3 35 3 35 3 35 2
5 32 13 46 21 4 42 333 68 2
35 3 35 3 35 3 35 3 35 3 35 3 35 3 35 2
35 3 35 3 35 3 35 3 35 3 35 3 35 3 35 3 35
5 32 13 46 21 4 42 333 68 2
5 32 13 46 21 4 42 333 68 2
308 18 10 2449 14
5 112 13 46 21 9 31 2
35 3 35 3 35 3 35 3 35 3 35 3 35 3 35 2
131 4 2
5 66 78 10 275 18 203 9 31 2
24 42 9865 13474 18 10 24320 10400 2
35 3 35 3 35 3 35 3 35 3 35 3 35 3 35 2
35 3 35 3 35 3 35 3 35 3 35 3 35 3 35 2
12 11 544 2
5 39 37 10 775 2
25 6 164 98 19 27 192 3 5 246 55 5 39 282 2325 2
5 34 29 97 76 334 76 5 44 2
5 32 13 46 21 4 42 333 68 2
70 3 147 3 248 3 449 3 410 3 556 3 817 3 857 2
23 4766 25 6 3453 8807 2
5 139 4 3 5 139 4 3 5 139 4 3 5 139 4 2
35 3 35 3 35 3 35 3 35 3 35 3 35 3 35 2
5 84 55 9 389 9 6 987 18 6 1668 1427 3 127 2
5 32 13 46 21 4 42 333 68 2
137 3 137 3 137 3 137 3 137 3 137 3 137 3 137 2
801 1075 29 36 64 2
5 267 9 302 48 2
12 11 10 1167 2
15 56 3 655 15 395 3 6 402 4 66 36 96 366 25 2
4 42 6 309 362 156 5 66 194 274 19 27 192 2
70 3 147 3 248 3 449 3 410 3 556 3 817 3 857 2
35 3 35 3 35 3 35 3 35 3 35 3 35 3 35 2
35 3 35 3 35 3 35 3 35 3 35 3 35 3 35 2
159 3 159 3 159 3 159 3 159 3 159 3 159 3 159 2
5 34 29 64 97 2
52 57 22 27 105 3 105 3 105 3 105 3 105 3 325 273 2
35 3 35 3 35 3 35 3 35 3 35 3 35 3 35 3 35
12 11 3 12 11 3 12 11 3 12 11 3 12 11 330 2
5 32 13 46 21 4 42 333 68 2
5 32 13 46 21 4 42 333 68 2
5 139 4 3 5 139 4 3 5 139 4 3 5 139 4
5 32 13 46 21 4 42 333 68 2
73 293 478 31 5 30 9 93 4 7
35 3 35 3 35 3 35 3 35 3 35 3 35 3 35 2
6 1333 18 1333 15 8703 14
35 3 35 3 35 3 35 3 35 3 35 3 35 3 35 2
5 39 37 8713 121 63 2
35 3 35 3 35 3 35 3 35 3 35 3 35 3 35 2
35 3 35 3 35 3 35 3 35 3 35 3 35 3 35 2
5 32 13 46 21 4 42 333 68 2
10 166 98 2
251 9 3880 2
159 3 159 3 159 3 159 3 159 3 159 3 159 3 159 2
5 32 13 46 21 4 42 333 68 2
54 3 54 3 54 3 54 3 54 3 54 3 54 3 54 2
5 32 13 46 21 4 42 333 68 2
35 3 35 3 35 3 35 3 35 3 35 3 35 3 35 2
35 3 35 3 35 3 35 3 35 3 35 3 35 3 35 2
16 11 77 2
5 32 13 46 21 4 42 333 68 2
35 3 35 3 35 3 35 3 35 3 35 3 35 3 35 2
59 33 2
59 33 19 2
35 3 35 3 35 3 35 3 35 3 35 3 35 3 35 2
5 32 13 46 21 4 42 333 68 2
5 32 13 46 2
5 39 243 14
5 80 4 9 348 10 273 18 365 2
190 3 12 11 20 2
35 3 35 3 35 3 35 3 35 3 35 3 35 3 35 2
24 109 306 2
35 3 35 3 35 3 35 3 35 3 35 3 35 3 35 2
70 3 147 3 248 3 449 3 410 3 556 3 817 3 857 2
137 3 16 11 12 2
5 32 13 46 21 4 42 333 68 2
5 32 13 46 21 4 42 333 68 2
35 3 35 3 35 3 35 3 35 3 35 3 35 3 35 2
21509 2
5 32 13 46 2
35 3 35 3 35 3 35 3 35 3 35 3 35 3 35 2
70 3 147 3 248 3 449 3 410 3 556 3 817 3 857 2
5 32 13 46 21 4 42 333 68 2
131 4 2
35 3 35 3 35 3 35 3 35 3 35 3 35 3 35 2
5 32 13 46 21 4 42 333 68 2
5 32 13 46 2
137 3 137 3 137 3 137 3 137 3 137 3 137 3 137 2
70 3 147 3 248 3 449 3 410 3 556 3 817 3 857 2
35 3 35 3 35 3 35 3 35 3 35 3 35 3 35 2
72 3 72 3 72 3 72 3 72 3 72 3 72 3 72 2
12 11 254 2
5 39 243 14
35 3 35 3 35 3 35 3 35 3 35 3 35 3 35 2
24 441 50 48 61 18 47 2
1 1 1 2
59 33 19 2
35 3 35 3 35 3 35 3 35 3 35 3 35 3 35 2
65 3 12 11 779 2
35 3 35 3 35 3 35 3 35 3 35 3 35 3 35 2
5 39 160 2
35 3 94 3 5 32 13 416 5209 2
35 3 35 3 35 3 35 3 35 3 35 3 35 3 35 2
137 3 137 3 137 3 137 3 137 3 137 3 137 3 137 2
35 3 35 3 35 3 35 3 35 3 35 3 35 3 35 2
159 3 159 3 159 3 159 3 159 3 159 3 159 3 159 14
35 3 35 3 35 3 35 3 35 3 35 3 35 3 35 14
5 66 111 274 148 55 12 2
5 32 13 46 2
35 3 35 3 35 3 35 3 35 3 35 3 35 3 35 2
5 32 13 46 2
5 32 13 46 92 23 22 2
5 32 13 46 2
5 32 13 46 21 4 42 333 68 2
5 32 13 46 2
35 3 35 3 35 3 35 3 35 3 35 3 35 3 35 2
5 32 13 46 2
5 32 13 46 2
340 11 5974 3 1 1 2 722 2
70 3 147 3 248 3 449 3 410 3 556 3 817 3 857 2
1141 4255 17 17 784 6 685 11 9328 3 92 12 11 196 1137 2
24 42 19 6 1216 18 2316 2
70 3 147 3 248 3 449 3 410 3 556 3 817 3 857 2
70 3 147 3 248 3 449 3 410 3 556 3 817 3 857 2
137 3 137 3 137 3 137 3 137 3 137 3 137 3 137 2
251 9 20 2
35 3 35 3 35 3 35 3 35 3 35 3 35 3 35 2
70 3 147 3 248 3 449 3 410 3 556 3 817 3 857 2
7584 11 243 25 4 2
5 32 13 46 21 4 42 333 68 2
35 3 35 3 35 3 35 3 35 3 35 3 35 3 35 2
35 3 35 3 35 3 35 3 35 3 35 3 35 3 35 2
35 3 35 3 35 3 35 3 35 3 35 3 35 3 35 2
35 3 35 3 35 3 35 3 35 3 35 3 35 3 35 2
16 11 266 2
35 3 35 3 35 3 35 3 35 3 35 3 35 3 35 2
159 3 159 3 159 3 159 3 159 3 159 3 159 3 159 2
5 32 13 46 21 4 42 333 68 2
5 32 13 46 2
137 3 5 39 735 2
35 3 35 3 35 3 35 3 35 3 35 3 35 3 35 3 35
5 32 13 46 21 4 42 333 68 2
35 3 35 3 35 3 35 3 35 3 35 3 35 3 35 2
35 3 94 3 5 32 13 416 5209 2
12 11 20 2
5 32 13 46 2
5 32 13 46 2
65 3 12 11 358 2
35 3 35 3 35 3 35 3 35 3 35 3 35 3 35 2
5 34 29 64 97 2
137 3 5 39 266 2
12 227 13 2720 2
70 3 147 3 248 3 449 3 410 3 556 3 817 3 857 2
35 3 35 3 35 3 35 3 35 3 35 3 35 3 35 2
35 3 35 3 35 3 35 3 35 3 35 3 35 3 35 2
137 3 137 3 137 3 137 3 137 3 137 3 137 3 137 2
35 3 35 3 35 3 35 3 35 3 35 3 35 3 35 2
35 3 35 3 35 3 35 3 35 3 35 3 35 3 35 2
35 3 35 3 35 3 35 3 35 3 35 3 35 3 35 2
102 62 26 2
137 3 5 39 266 2
35 3 35 3 35 3 35 3 35 3 35 3 35 3 35 2
102 62 26 2
5 32 13 46 2
70 3 147 3 248 3 449 3 410 3 556 3 817 3 857 2
16 11 21 5 267 9 180 9 4 68 2
35 3 35 3 35 3 35 3 35 3 35 3 35 3 35 2
35 3 35 3 35 3 35 3 35 3 35 3 35 3 35 2
35 3 35 3 35 3 35 3 35 3 35 3 35 3 35 2
16 11 266 2
57 143 3 52 5 32 13 46 21 4 42 333 68 2 52
5 80 9 265 4 128 2
35 3 35 3 35 3 35 3 35 3 35 3 35 3 35 2
70 3 147 3 248 3 449 3 410 3 556 3 817 3 857 14
5 278 12 2
137 3 137 3 137 3 137 3 137 3 137 3 137 3 137 2
137 3 5 39 735 2
35 3 35 3 35 3 35 3 35 3 35 3 35 3 35 2
5 32 13 46 2
72 3 288 14
35 3 35 3 35 3 35 3 35 3 35 3 35 3 35 2
16 11 229 2
12 11 96 10 166 731 2368 121 87 47 9 45 2
70 3 147 3 248 3 449 3 410 3 556 3 817 3 857 2
5 32 13 46 2
5 32 13 46 21 4 42 333 68 2
801 694 37 918 2
35 3 35 3 35 3 35 3 35 3 35 3 35 3 35 2
53 4 32 13 197 3 5 84 55 9 221 4 10 343 738 2
72 3 35 3 35 3 35 3 35 3 35 3 35 3 35 2
137 3 137 3 137 3 137 3 137 3 137 3 137 3 137 2
35 3 35 3 35 3 35 3 35 3 35 3 35 3 35 2
65 3 106 2
35 3 35 3 35 3 35 3 35 3 35 3 35 3 35 2
35 3 35 3 35 3 35 3 35 3 35 3 35 3 35 2
5 32 13 46 2
35 3 35 3 35 3 35 3 35 3 35 3 35 3 35 2
35 3 35 3 35 3 35 3 35 3 35 3 35 3 35 2
16 11 241 14
12 297 13 20 14
35 3 35 3 35 3 35 3 35 3 35 3 35 3 35 2
65 3 4 43 2
5 32 13 46 2
65 3 5 149 2
137 3 23 11 281 2
52 1457 1457 3 1909 33 458 52
35 3 35 3 35 3 35 3 35 3 35 3 35 3 35 2
70 3 147 3 248 3 449 3 410 3 556 3 817 3 857 2
37 70 3 147 3 248 3 449 3 410 3 556 3 817 3 857 2
35 3 35 3 35 3 35 3 35 3 35 3 35 3 35 14
35 3 35 3 35 3 35 3 35 3 35 3 35 3 35 2
35 3 35 3 35 3 35 3 35 3 35 3 35 3 35 2
35 3 35 3 35 3 35 3 35 3 35 3 35 3 35 2
5 34 29 64 97 2
5 32 13 46 2
137 3 137 3 137 3 137 3 137 3 137 3 137 3 137 2
35 3 35 3 35 3 35 3 35 3 35 3 35 3 35 2
35 3 35 3 35 3 35 3 35 3 35 3 35 3 35 2
83 11 54 3 83 11 54 3 83 11 54 3 83 11 54 2
5 178 68 1 15 73 23 710 89 5 1684 48 2
70 3 147 3 248 3 449 3 410 3 556 3 817 3 857 2
131 4 3 316 2
53 4 32 13 197 3 5 84 55 9 2879 10 2266 2
35 3 35 3 35 3 35 3 35 3 35 3 35 3 35 2
5 32 13 46 2
53 4 32 13 197 3 5 84 55 9 221 4 10 343 738 2
5 66 96 318 36 130 25 4 2
35 3 35 3 35 3 35 3 35 3 35 3 35 3 35 2
35 3 35 3 35 3 35 3 35 3 35 3 35 3 35 2
5 32 13 46 2
137 3 137 3 137 3 137 3 137 3 137 3 137 3 137 2
35 3 35 3 35 3 35 3 35 3 35 3 35 3 35 2
35 3 35 3 35 3 35 3 35 3 35 3 35 3 35 2
5 149 58 306 9 75 4 2
26 22 340 39030 1 18 6 20784 1 39621 2
35 3 35 3 35 3 35 3 35 3 35 3 35 3 35 2
5 149 12411 19 6 5557 18 396 15 1670 8238 3 1771 2
5 39 62 6 2876 2
251 9 20 2
5 32 13 46 2
5 39 160 2
35 3 35 3 35 3 35 3 35 3 35 3 35 3 35 2
5 46 4 2
35 3 35 3 35 3 35 3 35 3 35 3 35 3 35 2
35 3 35 3 35 3 35 3 35 3 35 3 35 3 35 2
59 33 3 59 33 3 59 33 3 59 33 3 59 33 2
73 43 4 7
5 34 90 252 18 6 9029 3 4512 3 1 23004 18 28731 2
90 12 405 2
1141 4255 17 17 784 6 685 11 9328 3 92 12 11 196 1137 2
35 3 35 3 35 3 35 3 35 3 35 3 35 3 35 2
5 32 13 46 2
35 3 35 3 35 3 35 3 35 3 35 3 35 3 35 2
5 32 13 46 21 4 42 333 68 2
59 33 3 59 33 3 59 33 3 59 33 3 59 33 3 59 33
35 3 35 3 35 3 35 3 35 3 35 3 35 3 35 3 35
35 3 35 3 35 3 35 3 35 3 35 3 35 3 35 2
229 825 4 2
5 32 13 46 2
1141 4255 17 17 784 6 685 11 9328 3 92 12 11 196 1137 2
474 6 1784 63 14
35 3 35 3 35 3 35 3 35 3 35 3 35 3 35 2
355 6 338 2
137 3 137 3 137 3 137 3 137 3 137 3 137 3 137 2
35 3 35 3 35 3 35 3 35 3 35 3 35 3 35 2
137 3 5 39 136 2
5 195 4 2
32 13 3 32 13 3 32 13 3 32 13 3 32 13 2
5 32 13 46 21 4 42 333 68 2
12 11 20 2
70 3 147 3 248 3 449 3 410 3 556 3 817 3 857 2
35 3 35 3 35 3 35 3 35 3 35 3 35 3 35 3 35
70 3 147 3 248 3 449 3 410 3 556 3 817 3 857 2
35 3 35 3 35 3 35 3 35 3 35 3 35 3 35 2
117 185 3 86 1116 19 830 3 12389 29 1151 201 2
16 11 241 2
35 3 35 3 35 3 35 3 35 3 35 3 35 3 35 2
26 22 6 309 362 156 5 66 194 274 2
137 3 137 3 137 3 137 3 137 3 137 3 137 3 137 2
35 3 35 3 35 3 35 3 35 3 35 3 35 3 35 2
35 3 35 3 35 3 35 3 35 3 35 3 35 3 35 2
5 39 160 2
5 32 13 46 21 4 42 333 68 2
12 11 6 309 362 156 5 66 194 274 2
35 3 35 3 35 3 35 3 35 3 35 3 35 3 35 3 35
35 3 35 3 35 3 35 3 35 3 35 3 35 3 35 3 35
5 32 13 46 2
77 138 2
72 3 35 3 35 3 35 3 35 3 35 3 35 3 35 14
35 3 35 3 35 3 35 3 35 3 35 3 35 3 35 14
35 3 35 3 35 3 35 3 35 3 35 3 35 3 35 2
73 43 4 7
5 4847 523 14
35 3 35 3 35 3 35 3 35 3 35 3 35 3 35 2
35 3 35 3 35 3 35 3 35 3 35 3 35 3 35 2
5 32 13 46 2
2671 2671 2671 2671 2671 2671 2671 2671 2671 2671 2671 2671 2671 2671 2671 724 14
5 32 13 80 9 466 4 2
35 3 5 32 13 2
5 39 37 157 751 9 29 45 295 2
159 3 159 3 159 3 159 3 159 3 159 3 159 3 159 2
5 34 90 252 18 6 9029 3 4512 3 1 23004 18 28731 2
35 3 35 3 35 3 35 3 35 3 35 3 35 3 35 14
35 3 35 3 35 3 35 3 35 3 35 3 35 3 35 2
35 3 35 3 35 3 35 3 35 3 35 3 35 3 35 2
65 3 65 3 65 3 65 3 65 3 65 3 65 3 65 14
35 3 35 3 35 3 35 3 35 3 35 3 35 3 35 2
37 70 3 147 3 248 3 449 3 410 3 556 3 817 3 857 2
70 3 147 3 248 3 449 3 410 3 556 3 817 3 857 2
102 86 11 45 2
35 3 35 3 35 3 35 3 35 3 35 3 35 3 35 2
35 3 35 3 35 3 35 3 35 3 35 3 35 3 35 2
5 32 13 46 21 4 42 333 68 2
35 3 35 3 35 3 35 3 35 3 35 3 35 3 35 2
131 4 2
1 3 1 3 1 3 1 3 1 3 1 3 1 3 1 2
5 32 13 46 21 4 42 333 68 2
5 32 13 46 21 4 42 333 68 2
72 3 35 3 35 3 35 3 35 3 35 3 35 3 35 2
5 32 13 46 21 4 42 333 68 2
52 15 1122 74 9 6 4167 23207 2 52
137 3 137 3 137 3 137 3 137 3 137 3 137 3 137 2
35 3 35 3 35 3 35 3 35 3 35 3 35 3 35 2
70 3 147 3 248 3 449 3 410 3 556 3 817 3 857 2
35 3 35 3 35 3 35 3 35 3 35 3 35 3 35 2
35 3 35 3 35 3 35 3 35 3 35 3 35 3 35 2
35 3 35 3 35 3 35 3 35 3 35 3 35 3 35 2
5 32 13 46 21 4 42 333 68 2
5 32 13 46 2
55 21 7
2561 41 2561 11 6707 356 94 3 15 23 41 2561 11 6707 356 94 2
5 32 13 46 21 4 42 333 68 2
35 3 35 3 35 3 35 3 35 3 35 3 35 3 35 2
1 3 1 3 1 3 1 3 1 3 1 3 1 3 1 3 1
108 211 2550 2
35 3 35 3 35 3 35 3 35 3 35 3 35 3 35 2
35 3 35 3 35 3 35 3 35 3 35 3 35 3 35 3 35
35 3 35 3 35 3 35 3 35 3 35 3 35 3 35 14
35 3 35 3 35 3 35 3 35 3 35 3 35 3 35 2
159 3 159 3 159 3 159 3 159 3 159 3 159 3 159 2
5 34 206 4 89 5 50 97 2
79 995 2523 7
12 122 140 9 31 40 4 2
5 32 13 46 21 4 42 333 68 2
35 3 35 3 35 3 35 3 35 3 35 3 35 3 35 2
72 3 35 3 35 3 35 3 35 3 35 3 35 3 35 2
35 3 35 3 35 3 35 3 35 3 35 3 35 3 35 2
70 3 147 3 248 3 449 3 410 3 556 3 817 3 857 2
5 32 13 46 2
5 32 13 46 2
35 3 35 3 35 3 35 3 35 3 35 3 35 3 35 2
59 33 3 59 33 3 59 33 3 59 33 3 59 33 2
1793 1793 1793 1793 1793 1793 1793 1793 1793 1793 1793 1793 1793 1793 1793 1793 1793
5 32 13 46 21 4 42 333 68 2
83 99 46 21 4 161 61 2
35 3 35 3 35 3 35 3 35 3 35 3 35 3 35 2
5 32 13 46 21 4 42 333 68 2
137 3 137 3 137 3 137 3 137 3 137 3 137 3 137 2
5 32 13 46 21 4 42 333 68 2
5 32 13 80 9 31 12 2
35 3 35 3 35 3 35 3 35 3 35 3 35 3 35 2
35 3 35 3 35 3 35 3 35 3 35 3 35 3 35 2
35 3 35 3 35 3 35 3 35 3 35 3 35 3 35 2
32 13 350 3 5 34 90 252 18 12 2
5 32 13 46 21 4 42 333 68 2
254 2
56 3 53 4 34 354 20 3 5 30 9 54 9 6 2843 2
35 3 35 3 35 3 35 3 35 3 35 3 35 3 35 2
5 32 13 46 21 4 42 333 68 2
35 3 35 3 35 3 35 3 35 3 35 3 35 3 35 2
137 3 137 3 137 3 137 3 137 3 137 3 137 3 137 2
35 3 35 3 35 3 35 3 35 3 35 3 35 3 35 2
35 3 35 3 35 3 35 3 35 3 35 3 35 3 35 2
190 3 190 3 190 3 190 3 190 3 190 3 190 3 190 2
5 32 13 46 21 4 42 333 68 2
4 42 5437 2
228 392 3 32 13 83 20 116
5 112 13 81 5 84 194 75 4 150 2
5 32 13 46 21 4 42 333 68 2
919 5 32 13 46 21 5 39 2046 121
59 33 2
228 392 3 32 13 83 20 116
5 32 13 46 21 4 42 333 68 2
159 3 159 3 159 3 159 3 159 3 159 3 159 3 159 2
5 32 13 46 21 4 42 333 68 2
1 15 20 2
72 3 35 3 35 3 35 3 35 3 35 3 35 3 35 2
190 3 190 3 190 3 190 3 190 3 190 3 190 3 190 2
340 11 5974 3 1 1 2 722 2
5 32 13 46 2
4 78 12 7
5 32 13 46 2
159 3 159 3 159 3 159 3 159 3 159 3 159 3 159 2
35 3 35 3 35 3 35 3 35 3 35 3 35 3 35 14
72 3 65 3 18 198 2
5 32 13 46 21 4 42 333 68 2
35 3 35 3 35 3 35 3 35 3 35 3 35 3 35 2
523 17 17 6107 17 17 6107 17 17 6107 17 17 6107 17 17 6107 17
35 3 35 3 35 3 35 3 35 3 35 3 35 3 35 2
35 3 35 3 35 3 35 3 35 3 35 3 35 3 35 2
35 3 35 3 35 3 35 3 35 3 35 3 35 3 35 2
16 11 241 2
35 3 35 3 35 3 35 3 35 3 35 3 35 3 35 2
35 3 35 3 35 3 35 3 35 3 35 3 35 3 35 2
5 32 13 46 21 4 42 2923 121 68 2
5 143 3 52 35 3 35 3 35 3 35 3 35 3 35 2 52
12 11 37 483 2
65 3 12 85 2
59 33 3 59 33 3 59 33 3 59 33 3 59 33 2
1078 71 179 2
72 3 35 3 35 3 35 3 35 3 35 3 35 3 35 2
1542 3 1542 3 1542 3 1542 3 1542 3 1542 3 1542 3 1542 2
35 3 35 3 35 3 35 3 35 3 35 3 35 3 35 2
228 35 3 35 3 35 3 35 3 35 3 35 3 35 3 35 228
5 34 29 64 97 2
44 5 180 9 4 25 10 553 7
35 3 35 3 35 3 35 3 35 3 35 3 35 3 35 2
50 61 18 6 115 14
51 69 237 2
72 3 35 3 35 3 35 3 35 3 35 3 35 3 35 2
35 3 35 3 35 3 35 3 35 3 35 3 35 3 35 2
35 3 35 3 35 3 35 3 35 3 35 3 35 3 35 2
5 32 13 46 2
718 28 954 14
5 80 9 1001 6 404 18 27 192 40 4 2
5 32 13 46 21 4 42 333 68 2
12 3303 9 29 10 45282 47154 19 6 38763 98 40498 2
5 39 33 27 115 2
35 3 35 3 35 3 35 3 35 3 35 3 35 3 35 2
5 32 13 46 21 4 42 333 68 2
35 3 35 3 35 3 35 3 35 3 35 3 35 3 35 2
35 3 35 3 35 3 35 3 35 3 35 3 35 3 35 3 35
5 297 13 2
23 44 993 3 23 44 993 3 23 44 993 3 23 44 993 2
35 3 35 3 35 3 35 3 35 3 35 3 35 3 35 2
5 32 13 46 21 4 42 333 68 2
59 3 59 3 59 3 59 3 59 3 59 3 59 3 59 3 59
5 32 13 46 21 4 42 333 68 2
35 3 35 3 35 3 35 3 35 3 35 3 35 3 35 2
72 3 213 3 72 3 213 3 72 3 213 3 72 3 213 2
5 32 13 46 21 4 42 333 68 2
35 3 35 3 35 3 35 3 35 3 35 3 35 3 35 2
35 3 35 3 35 3 35 3 35 3 35 3 35 3 35 2
5 32 13 46 2
53 12 227 13 3 24 656 111 50 12 97 2
5 32 13 46 21 4 42 333 68 2
35 3 35 3 35 3 35 3 35 3 35 3 35 3 35 14
5 32 13 46 2
35 3 35 3 35 3 35 3 35 3 35 3 35 3 35 2
22 16 21 4 80 7
5 32 13 46 21 4 42 333 68 2
5 32 13 46 21 4 42 333 68 2
57 11 549 2
35 3 35 3 35 3 35 3 35 3 35 3 35 3 35 2
72 3 137 3 137 3 137 3 137 3 137 3 137 3 137 2
5 32 13 46 21 4 42 333 68 2
65 3 65 3 65 3 65 3 65 3 65 3 65 3 65 2
16 11 64 2
35 3 35 3 35 3 35 3 35 3 35 3 35 3 35 2
5 34 29 64 97 2
5 32 13 46 21 4 42 333 68 2
72 3 35 3 35 3 35 3 35 3 35 3 35 3 35 2
35 3 35 3 35 3 35 3 35 3 35 3 35 3 35 2
137 3 137 3 137 3 137 3 137 3 137 3 137 3 137 2
72 3 27 288 14
5 32 13 46 21 9 95 2
5 32 13 46 21 4 42 333 68 2
12 11 254 2
5 32 13 46 21 4 42 333 68 2
5 32 13 46 21 4 42 333 68 2
35 3 35 3 35 3 35 3 35 3 35 3 35 3 35 2
59 33 3 59 33 3 59 33 3 59 33 3 59 33 2
5 32 13 46 21 4 42 333 68 2
5 32 13 46 21 4 42 333 68 2
35 3 35 3 35 3 35 3 35 3 35 3 35 3 35 2
141 5 32 13 46 21 4 42 333 68 2
160 68 16 2
5946 6 232 2
1950 688 3 534 18 1382 3 6 415 22 40 1257 2
5 32 13 46 21 4 42 333 68 2
35 3 35 3 35 3 35 3 35 3 35 3 35 3 35 2
35 3 35 3 35 3 35 3 35 3 35 3 35 3 35 2
35 3 35 3 35 3 35 3 35 3 35 3 35 3 35 2
1 3 1 3 1 3 1 3 1 3 1 3 1 3 1 2
65 3 5 85 2
35 3 35 3 35 3 35 3 35 3 35 3 35 3 35 2
5 39 160 2
18 198 3 21662 2
83 11 54 3 83 11 54 3 83 11 54 3 83 11 54 2
72 3 35 3 35 3 35 3 35 3 35 3 35 3 35 2
35 3 35 3 35 3 35 3 35 3 35 3 35 3 35 2
35 3 35 3 35 3 35 3 35 3 35 3 35 3 35 2
72 3 35 3 35 3 35 3 35 3 35 3 35 3 35 2
35 3 35 3 35 3 35 3 35 3 35 3 35 3 35 2
35 3 35 3 35 3 35 3 35 3 35 3 35 3 35 2
4 32 13 50 12 3 31 4 7
35 3 35 3 35 3 35 3 35 3 35 3 35 3 35 2
36 64 3 36 64 3 36 64 3 36 64 3 36 64 2
159 3 159 3 159 3 159 3 159 3 159 3 159 3 159 2
5 34 206 4 2
72 3 35 3 35 3 35 3 35 3 35 3 35 3 35 2
35 3 35 3 35 3 35 3 35 3 35 3 35 3 35 2
5 32 13 46 2
5 32 13 46 21 4 42 333 68 2
5 32 13 46 21 4 42 333 68 2
72 3 72 3 72 3 72 3 72 3 72 3 72 3 72 2
5 32 13 46 2
35 3 35 3 35 3 35 3 35 3 35 3 35 3 35 2
35 3 35 3 35 3 35 3 35 3 35 3 35 3 35 3 35
12 227 13 226 2
35 3 35 3 35 3 35 3 35 3 35 3 35 3 35 2
18 198 2
47 11 120 70 115 9 161 61 2
65 3 106 2
159 3 159 3 159 3 159 3 159 3 159 3 159 3 159 2
5 32 13 46 21 4 42 333 68 2
159 3 159 3 159 3 159 3 159 3 159 3 159 3 159 2
16 11 64 2
35 3 35 3 35 3 35 3 35 3 35 3 35 3 35 2
35 3 35 3 35 3 35 3 35 3 35 3 35 3 35 2
5 32 13 46 21 4 42 333 68 2
5 32 13 46 21 4 42 333 68 2
5 32 13 46 2
72 3 35 3 35 3 35 3 35 3 35 3 35 3 35 2
35 3 35 3 35 3 35 3 35 3 35 3 35 3 35 2
5 32 13 46 21 4 42 333 68 2
5 32 13 46 21 4 42 333 68 2
35 3 35 3 35 3 35 3 35 3 35 3 35 3 35 2
5 139 4 3 5 139 4 3 5 139 4 3 5 139 4 2
35 3 35 3 35 3 35 3 35 3 35 3 35 3 35 2
35 3 35 3 35 3 35 3 35 3 35 3 35 3 35 3 35
35 3 35 3 35 3 35 3 35 3 35 3 35 3 35 2
137 2
70 3 147 3 248 3 449 3 410 3 556 3 817 3 857 2
5 139 4 3 5 139 4 3 5 139 4 3 5 139 4 2
35 3 35 3 35 3 35 3 35 3 35 3 35 3 35 2
16 22 209 2
5 32 13 46 21 4 42 333 68 2
5 80 12 9 29 6 325 156 16 194 264 9 20 2
35 3 35 3 35 3 35 3 35 3 35 3 35 3 35 2
5 32 13 46 21 4 42 333 68 2
35 3 35 3 35 3 35 3 35 3 35 3 35 3 35 2
137 2
12 41 6 1936 18 6 1014 901 18 5167 17 17 537 231 168 1 2
5 323 1537 2
15 10 10397 19 10 15563 1156 2
5 32 13 46 21 4 42 333 68 2
35 3 35 3 35 3 35 3 35 3 35 3 35 3 35 2
55 21 7
5 32 13 46 21 4 42 333 68 2
5 32 13 46 21 4 42 333 68 2
5 32 13 46 21 4 42 333 68 2
12 181 122 2
35 3 35 3 35 3 35 3 35 3 35 3 35 3 35 2
35 3 35 3 35 3 35 3 35 3 35 3 35 3 35 2
5 32 13 46 21 4 42 333 68 2
35 3 35 3 35 3 35 3 35 3 35 3 35 3 35 2
165 238 2
35 3 35 3 35 3 35 3 35 3 35 3 35 3 35 2
19 6 201 18 6 185 15 18 6 308 15 18 6 1194 1228 2
5 32 13 46 21 4 42 333 68 2
12 11 77 9 29 97 2
35 3 35 3 35 3 35 3 35 3 35 3 35 3 35 2
35 3 35 3 35 3 35 3 35 3 35 3 35 3 35 2
65 3 12 22 2
65 3 65 3 65 3 65 3 65 3 65 3 65 3 65 2
137 3 137 3 137 3 137 3 137 3 137 3 137 3 137 2
56 3 53 4 34 354 20 3 5 30 203 9 31 2
1032 15 194 14
35 3 35 3 35 3 35 3 35 3 35 3 35 3 35 2
35 3 35 3 35 3 35 3 35 3 35 3 35 3 35 2
35 3 35 3 35 3 35 3 35 3 35 3 35 3 35 2
36 64 3 36 64 3 36 64 3 36 64 3 36 64 2
35 3 35 3 35 3 35 3 35 3 35 3 35 3 35 2
59 33 3 59 33 3 59 33 3 59 33 3 59 33 2
35 3 35 3 35 3 35 3 35 3 35 3 35 3 35 2
44 5 180 9 4 25 10 250 7
35 3 35 3 35 3 35 3 35 3 35 3 35 3 35 2
294 2
137 3 137 3 137 3 137 3 137 3 137 3 137 3 137 2
15 56 3 655 15 395 3 6 402 4 66 36 96 366 25 2
137 3 137 3 137 3 137 3 137 3 137 3 137 3 137 2
35 3 35 3 35 3 35 3 35 3 35 3 35 3 35 2
5 32 13 46 2
35 3 35 3 35 3 35 3 35 3 35 3 35 3 35 2
5 32 13 46 2
35 3 35 3 35 3 35 3 35 3 35 3 35 3 35 2
35 3 35 3 35 3 35 3 35 3 35 3 35 3 35 14
35 3 35 3 35 3 35 3 35 3 35 3 35 3 35 2
35 3 35 3 35 3 35 3 35 3 35 3 35 3 35 2
190 2
294 2
35 3 35 3 35 3 35 3 35 3 35 3 35 3 35 2
35 3 35 3 35 3 35 3 35 3 35 3 35 3 35 2
11469 14
137 3 137 3 137 3 137 3 137 3 137 3 137 3 137 2
35 3 35 3 35 3 35 3 35 3 35 3 35 3 35 2
5 32 13 46 2
44 398 93 20 21 258 18 10 272 24 290 19 7
5 34 90 252 18 6 9029 3 4512 3 1 23004 18 28731 2
35 3 35 3 35 3 35 3 35 3 35 3 35 3 35 2
35 3 35 3 35 3 35 3 35 3 35 3 35 3 35 2
173 2
35 3 35 3 35 3 35 3 35 3 35 3 35 3 35 2
35 3 35 3 35 3 35 3 35 3 35 3 35 3 35 2
137 3 137 3 137 3 137 3 137 3 137 3 137 3 137 2
5 32 13 46 2
35 3 35 3 35 3 35 3 35 3 35 3 35 3 35 2
65 14
35 3 35 3 35 3 35 3 35 3 35 3 35 3 35 2
70 3 147 3 248 3 449 3 410 3 556 3 817 3 857 2
35 3 35 3 35 3 35 3 35 3 35 3 35 3 35 2
1899 3 1899 3 1899 3 1899 3 1899 3 1899 3 1899 3 1899 2
477 3 477 3 477 3 477 3 477 3 477 3 477 3 477 2
35 3 35 3 35 3 35 3 35 3 35 3 35 3 35 2
173 2
35 3 35 3 35 3 35 3 35 3 35 3 35 3 35 2
35 3 35 3 35 3 35 3 35 3 35 3 35 3 35 2
35 3 35 3 35 3 35 3 35 3 35 3 35 3 35 2
35 14
70 3 147 3 248 3 449 3 410 3 556 3 817 3 857 2
35 3 35 3 35 3 35 3 35 3 35 3 35 3 35 2
35601 1510 70 3 4 43 9 59 19 33 10606 6123 848 2
35 3 35 3 35 3 35 3 35 3 35 3 35 3 35 2
35 3 35 3 35 3 35 3 35 3 35 3 35 3 35 14
56 3 53 4 34 354 20 3 5 30 203 9 31 2
35 3 35 3 35 3 35 3 35 3 35 3 35 3 35 2
15 56 3 655 15 395 3 6 402 4 66 36 96 366 25 2
70 3 147 3 248 3 449 3 410 3 556 3 817 3 857 2
137 3 137 3 137 3 137 3 137 3 137 3 137 3 137 2
5 32 13 46 2
35 3 35 3 35 3 35 3 35 3 35 3 35 3 35 2
1328 3 3913 6 52 32648 35297 52 15 2673 4079 2
35 3 35 3 35 3 35 3 35 3 35 3 35 3 35 2
70 3 147 3 248 3 449 3 410 3 556 3 817 3 857 2
56 3 53 4 34 354 20 3 5 30 203 9 31 2
65 3 65 3 65 3 65 3 65 3 65 3 65 3 65 2
35 3 35 3 35 3 35 3 35 3 35 3 35 3 35 2
65 14
5 32 13 46 2
70 3 147 3 248 3 449 3 410 3 556 3 817 3 857 2
70 3 147 3 248 3 449 3 410 3 556 3 817 3 857 2
72 3 35 3 35 3 35 3 35 3 35 3 35 3 35 2
3358 3 44 5 180 9 4 25 10 553 7
35 3 35 3 35 3 35 3 35 3 35 3 35 3 35 2
35 3 35 3 35 3 35 3 35 3 35 3 35 3 35 2
12 11 37 55 5 39 48179 121 25 1801 2155 45 2
1411 14
70 3 147 3 248 3 449 3 410 3 556 3 817 3 857 2
35 3 35 3 35 3 35 3 35 3 35 3 35 3 35 2
5 32 13 46 2
35 3 35 3 35 3 35 3 35 3 35 3 35 3 35 2
2031 2
340 11 5974 3 1 1 2 722 2
35 3 35 3 35 3 35 3 35 3 35 3 35 3 35 2
35 3 131 4 2
70 3 147 3 248 3 449 3 410 3 556 3 817 3 857 2
35 3 35 3 35 3 35 3 35 3 35 3 35 3 35 2
137 2
61 14
1241 3 1058 3 1058 3 1056 3 1241 3 1058 3 1058 3 1058 2
173 7
35 3 35 3 35 3 35 3 35 3 35 3 35 3 35 2
35 3 35 3 35 3 35 3 35 3 35 3 35 3 35 2
137 3 137 3 137 3 137 3 137 3 137 3 137 3 137 2
35 3 35 3 35 3 35 3 35 3 35 3 35 3 35 2
35 3 35 3 35 3 35 3 35 3 35 3 35 3 35 2
35 3 35 3 35 3 35 3 35 3 35 3 35 3 35 2
35 3 35 3 35 3 35 3 35 3 35 3 35 3 35 2
35 3 35 3 35 3 35 3 35 3 35 3 35 3 35 2
35 3 35 3 35 3 35 3 35 3 35 3 35 3 35 2
70 3 147 3 248 3 449 3 410 3 556 3 817 3 857 2
35 3 35 3 35 3 35 3 35 3 35 3 35 3 35 2
137 2
35 3 35 3 35 3 35 3 35 3 35 3 35 3 35 2
35 3 35 3 35 3 35 3 35 3 35 3 35 3 35 2
35 3 35 3 35 3 35 3 35 3 35 3 35 3 35 2
23 11 441 29 61 18 82 197 2
509 2
35 3 35 3 35 3 35 3 35 3 35 3 35 3 35 2
137 3 137 3 137 3 137 3 137 3 137 3 137 3 137 2
70 3 147 3 248 3 449 3 410 3 556 3 817 3 857 2
35 3 35 3 35 3 35 3 35 3 35 3 35 3 35 2
35 3 35 3 35 3 35 3 35 3 35 3 35 3 35 2
601 7
35 3 35 3 35 3 35 3 35 3 35 3 35 3 35 2
35 3 35 3 35 3 35 3 35 3 35 3 35 3 35 2
137 2
35 3 35 3 35 3 35 3 35 3 35 3 35 3 35 2
44 398 93 20 21 258 18 10 272 24 290 19 7
35 3 35 3 35 3 35 3 35 3 35 3 35 3 35 2
35 3 35 3 35 3 35 3 35 3 35 3 35 3 35 2
904 2
35 3 35 3 35 3 35 3 35 3 35 3 35 3 35 2
70 3 147 3 248 3 449 3 410 3 556 3 817 3 857 2
35 3 35 3 35 3 35 3 35 3 35 3 35 3 35 2
35 3 35 3 35 3 35 3 35 3 35 3 35 3 35 2
35 3 35 3 35 3 35 3 35 3 35 3 35 3 35 2
137 14
6 336 18 749 101 29 882 62 48 53 23 723 13 262 10 5538 2
137 3 137 3 137 3 137 3 137 3 137 3 137 3 137 2
137 3 137 3 137 3 137 3 137 3 137 3 137 3 137 2
70 3 147 3 248 3 449 3 410 3 556 3 817 3 857 2
65 3 65 3 65 3 65 3 65 3 65 3 65 3 65 2
70 3 147 3 248 3 449 3 410 3 556 3 817 3 857 2
65 3 65 3 65 3 65 3 65 3 65 3 65 3 65 2
35 3 35 3 35 3 35 3 35 3 35 3 35 3 35 2
35 3 35 3 35 3 35 3 35 3 35 3 35 3 35 2
35 3 35 3 35 3 35 3 35 3 35 3 35 3 35 2
35 3 35 3 35 3 35 3 35 3 35 3 35 3 35 2
35 3 35 3 35 3 35 3 35 3 35 3 35 3 35 2
70 3 147 3 248 3 449 3 410 3 556 3 817 3 857 2
70 3 147 3 248 3 449 3 410 3 556 3 817 3 857 2
35 3 35 3 35 3 35 3 35 3 35 3 35 3 35 2
5 34 90 252 18 6 9029 3 4512 3 1 23004 18 28731 2
70 3 147 3 248 3 449 3 410 3 556 3 817 3 857 2
65 3 65 3 65 3 65 3 65 3 65 3 65 3 65 2
137 3 137 3 137 3 137 3 137 3 137 3 137 3 137 2
35 3 35 3 35 3 35 3 35 3 35 3 35 3 35 2
70 3 147 3 248 3 449 3 410 3 556 3 817 3 857 2
35 3 35 3 35 3 35 3 35 3 35 3 35 3 35 2
137 3 137 3 137 3 137 3 137 3 137 3 137 3 137 2
159 3 159 3 159 3 159 3 159 3 159 3 159 3 159 14
35 3 35 3 35 3 35 3 35 3 35 3 35 3 35 2
35 3 35 3 35 3 35 3 35 3 35 3 35 3 35 2
35 14
5 32 13 46 2
35 3 35 3 35 3 35 3 35 3 35 3 35 3 35 2
35 3 35 3 35 3 35 3 35 3 35 3 35 3 35 2
53 4 32 13 197 3 5 84 55 9 221 4 10 343 738 2
5 32 13 46 2
35 3 35 3 35 3 35 3 35 3 35 3 35 3 35 2
35 3 35 3 35 3 35 3 35 3 35 3 35 3 35 2
35 3 35 3 35 3 35 3 35 3 35 3 35 3 35 2
35 3 35 3 35 3 35 3 35 3 35 3 35 3 35 2
35 3 35 3 35 3 35 3 35 3 35 3 35 3 35 2
4771 14
59 33 3 59 33 3 59 33 3 59 33 3 59 33 2
70 3 147 3 248 3 449 3 410 3 556 3 817 3 857 2
35 3 35 3 35 3 35 3 35 3 35 3 35 3 35 2
65 3 106 2
35 3 35 3 35 3 35 3 35 3 35 3 35 3 35 2
1 14
270 76 4384 3 174 1157 43 8579 2
8765 14
137 3 137 3 137 3 137 3 137 3 137 3 137 3 137 2
35 3 35 3 35 3 35 3 35 3 35 3 35 3 35 2
458 14
35 3 35 3 35 3 35 3 35 3 35 3 35 3 35 2
103 8743 17 17 31 4 646 28 256 7
5 32 13 81 58 2
35 3 35 3 35 3 35 3 35 3 35 3 35 3 35 2
70 3 147 3 248 3 449 3 410 3 556 3 817 3 857 2
4 280 13 345 128 77 3 313 7
137 3 137 3 137 3 137 3 137 3 137 3 137 3 137 2
72 3 27 288 14
54 14
5 32 13 46 21 4 42 333 68 2
35 3 35 3 35 3 35 3 35 3 35 3 35 3 35 2
5 32 13 46 2
70 3 147 3 248 3 449 3 410 3 556 3 817 3 857 2
56 3 53 4 34 354 20 3 5 30 203 9 31 2
35 3 35 3 35 3 35 3 35 3 35 3 35 3 35 2
35 3 35 3 35 3 35 3 35 3 35 3 35 3 35 2
35 3 35 3 35 3 35 3 35 3 35 3 35 3 35 2
35 3 35 3 35 3 35 3 35 3 35 3 35 3 35 2
35 3 35 3 35 3 35 3 35 3 35 3 35 3 35 2
2206 2
35 14
137 3 137 3 137 3 137 3 137 3 137 3 137 3 137 2
15 56 3 655 15 395 3 6 402 4 66 36 96 366 25 2
35 3 35 3 35 3 35 3 35 3 35 3 35 3 35 2
36 64 3 36 64 3 36 64 3 36 64 3 36 64 2
190 14
137 3 137 3 137 3 137 3 137 3 137 3 137 3 137 2
65 3 65 3 65 3 65 3 65 3 65 3 65 3 65 2
137 3 137 3 137 3 137 3 137 3 137 3 137 3 137 2
35 3 35 3 35 3 35 3 35 3 35 3 35 3 35 2
35 3 35 3 35 3 35 3 35 3 35 3 35 3 35 2
35 3 35 3 35 3 35 3 35 3 35 3 35 3 35 2
36 64 3 36 64 3 36 64 3 36 64 3 36 64 2
56 3 53 4 34 354 20 3 5 30 203 9 31 2
173 2
70 3 147 3 248 3 449 3 410 3 556 3 817 3 857 2
35 3 35 3 35 3 35 3 35 3 35 3 35 3 35 2
137 3 137 3 137 3 137 3 137 3 137 3 137 3 137 2
65 3 65 3 65 3 65 3 65 3 65 3 65 3 65 2
35 3 35 3 35 3 35 3 35 3 35 3 35 3 35 2
137 3 137 3 137 3 137 3 137 3 137 3 137 3 137 2
35 3 35 3 35 3 35 3 35 3 35 3 35 3 35 2
35 3 35 3 35 3 35 3 35 3 35 3 35 3 35 2
65 3 65 3 65 3 65 3 65 3 65 3 65 3 65 2
1 14
5 32 13 46 2
35 3 35 3 35 3 35 3 35 3 35 3 35 3 35 2
15 56 3 655 15 395 3 6 402 4 66 36 96 366 25 2
36 64 3 36 64 3 36 64 3 36 64 3 36 64 2
35 3 35 3 35 3 35 3 35 3 35 3 35 3 35 2
35 3 35 3 35 3 35 3 35 3 35 3 35 3 35 2
35 3 35 3 35 3 35 3 35 3 35 3 35 3 35 14
137 3 137 3 137 3 137 3 137 3 137 3 137 3 137 2
340 11 5974 3 1 1 2 722 2
308 18 10 2449 14
35 3 35 3 35 3 35 3 35 3 35 3 35 3 35 2
35 3 35 3 35 3 35 3 35 3 35 3 35 3 35 2
44 5 180 9 4 25 10 250 7
70 3 147 3 248 3 449 3 410 3 556 3 817 3 857 2
5 32 13 46 21 4 42 333 68 2
35 3 35 3 35 3 35 3 35 3 35 3 35 3 35 2
35 3 35 3 35 3 35 3 35 3 35 3 35 3 35 2
35 3 35 3 35 3 35 3 35 3 35 3 35 3 35 2
35 3 35 3 35 3 35 3 35 3 35 3 35 3 35 2
35 3 35 3 35 3 35 3 35 3 35 3 35 3 35 2
5 32 13 46 2
35 3 35 3 35 3 35 3 35 3 35 3 35 3 35 2
1328 3 1328 3 1328 3 1328 3 1328 3 1328 3 1328 3 1328 2
777 3 59 19 2
36 64 3 36 64 3 36 64 3 36 64 3 36 64 2
35 3 35 3 35 3 35 3 35 3 35 3 35 3 35 2
35 3 35 3 35 3 35 3 35 3 35 3 35 3 35 14
35 3 35 3 35 3 35 3 35 3 35 3 35 3 35 2
19 6 201 18 6 185 3 6 308 15 6 1194 2083 2
190 3 190 3 190 3 190 3 190 2
35 3 35 3 35 3 35 3 35 3 35 3 35 3 35 2
35 3 35 3 35 3 35 3 35 3 35 3 35 3 35 2
35 3 35 3 35 3 35 3 35 3 35 3 35 3 35 2
35 3 5 39 37 2
36 64 3 36 64 3 36 64 3 36 64 3 36 64 2
5 1198 4 58 132 2
5 80 9 180 9 4 2
35 3 35 3 35 3 35 3 35 3 35 3 35 3 35 2
5 32 13 46 21 4 42 333 68 2
5 39 162 4518 28 17662 326 142 17 17 4 123 860 18 1328 14
5 32 13 46 21 4 42 2923 121 68 2
35 3 35 3 35 3 35 3 35 3 35 3 35 3 35 2
73 293 478 31 5 30 9 93 4 7
90 99 61 18 28536 2
5 32 13 46 2
72 3 35 3 35 3 35 3 35 3 35 3 35 3 35 2
5 112 13 46 21 9 31 2
5 32 13 46 2
35 3 35 3 35 3 35 3 35 3 35 3 35 3 35 2
35 3 35 3 35 3 35 3 35 3 35 3 35 3 35 14
36 64 3 36 64 3 36 64 3 36 64 3 36 64 2
5 32 13 46 21 4 42 333 68 2
5 32 13 30 10 778 40 16 2
131 4 3 131 4 3 131 4 3 131 4 3 131 4 2
750 3 106 2
137 3 137 3 137 3 137 3 137 3 137 3 137 3 137 2
5 67 234 113 9 75 73 4 109 210 2
35 3 35 3 35 3 35 3 35 3 35 3 35 3 35 2
5 44 13 2
35 3 35 3 35 3 35 3 35 3 35 3 35 3 35 2
5 32 13 46 21 4 42 333 68 2
22 26 6 995 10530 18 6 3437 7
35 3 35 3 35 3 35 3 35 3 35 3 35 3 35 2
35 3 35 3 35 3 35 3 35 3 35 3 35 3 35 3 35
35 3 35 3 35 3 35 3 35 3 35 3 35 3 35 3 35
5 39 1405 872 4084 3 5585 6068 352 2
750 3 106 2
137 3 137 3 137 3 137 3 137 3 137 3 137 3 137 2
5 32 13 46 2
35 3 12 135 13 2
23 11 78 82 201 1217 36 130 12 2
35 3 5 112 13 2
5 32 13 46 2
5 1582 523 46 21 1977 1239 333 68 2
35 3 35 3 35 3 35 3 35 3 35 3 35 3 35 2
35 3 35 3 35 3 35 3 35 3 35 3 35 3 35 2
5 32 13 46 2
5 32 13 46 2
57 11 333 9 4 2
5 32 13 46 21 4 42 333 68 2
59 33 3 59 33 3 59 33 3 59 33 3 59 33 3 59 33
55 4 143 2
22 26 397 108 22 12 397 7
5 32 13 46 21 4 42 333 68 2
5 32 13 46 21 5 39 91 9 31 2
35 3 35 3 35 3 35 3 35 3 35 3 35 3 35 2
5 32 13 46 53 12 11 397 108 37 2
35 3 35 3 35 3 35 3 35 3 35 3 35 3 35 2
5 78 10 206 18 10 6772 45 2
1899 3 1899 3 1899 3 1899 3 1899 3 1899 3 1899 3 1899 2
5 32 13 46 21 4 42 333 68 2
5 32 13 46 21 4 42 333 68 2
35 3 35 3 35 3 35 3 35 3 35 3 35 3 35 2
12 11 10161 9 6 70 24 323 19 7100 1 11 2396 2
158 5 678 21 5 46 40 10 41662
35 3 35 3 35 3 35 3 35 3 35 3 35 3 35 2
5 32 13 46 21 4 42 333 68 2
5 32 13 46 2
5 32 13 46 2
70 3 147 3 248 3 449 3 410 3 556 3 817 3 857
15 35 70 11 162 3452 108 502 20
12 11 77 9 75 4 104 2
35 3 35 3 35 3 35 3 35 3 35 3 35 3 35 3 35
24 242 13 157 107 10 393 9 180 9 48 289 2
35 3 35 3 35 3 35 3 35 3 35 3 35 3 35 2
5 78 10 206 18 10 6772 45 2
35 3 5 32 13 81 58 2
5 32 13 46 2
35 3 35 3 35 3 35 3 35 3 35 3 35 3 35 2
5 32 13 46 21 5 39 210 2
5 32 13 46 2
35 3 35 3 35 3 35 3 35 3 35 3 35 3 35 14
5 46 3 5 46 3 5 46 3 5 46 3 5 46 2
35 3 35 3 35 3 35 3 35 3 35 3 35 3 35 14
35 3 35 3 35 3 35 3 35 3 35 3 35 3 35 2
65 3 18 198 2
5 32 13 46 21 4 42 333 68 2
70 3 147 3 248 3 449 3 410 3 556 3 817 3 857 2
35 3 35 3 35 3 35 3 35 3 35 3 35 3 35 2
35 3 35 3 35 3 35 3 35 3 35 3 35 3 35 2
35 3 35 3 35 3 35 3 35 3 35 3 35 3 35 14
5 84 55 9 221 4 10 343 738 2
113 6 98 5 78 47 3 57 41 330 2
36 64 3 36 64 3 36 64 3 36 64 3 36 64 2
35 3 35 3 35 3 35 3 35 3 35 3 35 3 35 2
35 3 35 3 35 3 35 3 35 3 35 3 35 3 35 2
35 3 35 3 35 3 35 3 35 3 35 3 35 3 35 2
12 461 20 102 55 10 512 2
5 46 4 44 218 20 2
5 32 13 46 2
35 3 35 3 35 3 35 3 35 3 35 3 35 3 35 2
5 149 6 70 86 151 29 3294 2
35 3 35 3 35 3 35 3 35 3 35 3 35 3 35 2
31 4 30 126 327 89 57 34 29 97 7
36 64 3 36 64 3 36 64 3 36 64 3 36 64 2
136 2
35 3 35 3 35 3 35 3 35 3 35 3 35 3 35 2
5 32 13 46 21 4 42 333 68 2
12 11 27 201 2
29170 28 532 2352 62 34518 15 22760 2
5 32 13 46 21 4 42 333 68 2
5 32 13 46 21 4 42 333 68 2
7764 7
5 32 13 46 2
70 3 147 3 248 3 449 3 410 3 556 3 817 3 857 2
36 64 3 36 64 3 36 64 3 36 64 3 36 64 2
35 3 35 3 35 3 35 3 35 3 35 3 35 3 35 2
35 3 35 3 35 3 35 3 35 3 35 3 35 3 35 2
5 32 13 46 21 4 42 333 68 2
5 32 13 46 21 4 42 2923 121 68 2
5 32 13 46 21 4 42 333 68 2
35 3 35 3 35 3 35 3 35 3 35 3 35 3 35 2
35 3 35 3 35 3 35 3 35 3 35 3 35 3 35 2
5 32 13 46 21 4 42 333 68 2
35 3 35 3 35 3 35 3 35 3 35 3 35 3 35 2
5 81 68 4 36 6 98 2
35 3 35 3 35 3 35 3 35 3 35 3 35 3 35 2
5 34 348 4 47 2
35 3 35 3 35 3 35 3 35 3 35 3 35 3 35 2
12 11 96 10 166 731 2368 121 87 47 9 45 3 672 13 12 7
70 3 147 3 248 3 449 3 410 3 556 3 817 3 857 2
5 32 13 46 21 4 42 333 68 2
31 4 432 20 7
35 3 35 3 35 3 35 3 35 3 35 3 35 3 35 2
15 35 70 11 162 3452 108 502 20
5 32 13 46 21 4 42 333 68 2
5 32 13 46 21 4 42 333 68 2
5 32 13 46 21 4 42 333 68 2
251 2
5 32 13 46 21 4 42 333 68 2
5 504 9 9108 121 30 4 2058 2
35 3 35 3 35 3 35 3 35 3 35 3 35 3 35 2
59 33 3 59 33 3 59 33 3 59 33 3 59 33 3 59 33
35 3 35 3 35 3 35 3 35 3 35 3 35 3 35 2
35 3 35 3 35 3 35 3 35 3 35 3 35 3 35 3 35
35 3 35 3 35 3 35 3 35 3 35 3 35 3 35 2
35 3 35 3 35 3 35 3 35 3 35 3 35 3 35 2
70 3 147 3 248 3 449 3 410 3 556 3 817 3 857 2
65 3 38 127 32 13 3293 150 2
35 3 35 3 35 3 35 3 35 3 35 3 35 3 35 2
35 3 35 3 35 3 35 3 35 3 35 3 35 3 35 2
5 32 13 46 21 4 42 333 68 2
86 31 4 81 4 43 7
35 3 35 3 35 3 35 3 35 3 35 3 35 3 35 14
5 112 13 46 21 9 31 2
5 32 13 46 21 4 42 333 68 2
5311 55 16 22 2611 2
35 3 35 3 35 3 35 3 35 3 35 3 35 3 35 2
35 3 35 3 35 3 35 3 35 3 35 3 35 3 35 2
566 425 12 9 20 2
5 32 13 46 2
5 32 13 46 2
5 32 13 46 21 4 42 333 68 2
35 3 35 3 35 3 35 3 35 3 35 3 35 3 35 2
229 9 348 4 2
5 32 13 46 21 4 42 333 68 2
5 32 13 46 21 4 42 333 68 2
5 149 37 91 9 867 2
35 3 35 3 35 3 35 3 35 3 35 3 35 3 35 2
47 11 120 70 115 9 161 61 2
5 32 13 46 21 4 42 333 68 2
35 3 35 3 35 3 35 3 35 3 35 3 35 3 35 2
23 67 297 13 6 270 3692 573 2
24 66 78 9 50 61 18 45 2
5 32 13 46 21 4 42 333 68 2
35 3 35 3 35 3 35 3 35 3 35 3 35 3 35 2
137 3 137 3 137 3 137 3 137 3 137 3 137 3 137 2
1 21149 211 249 2781 6685 2
35 3 35 3 35 3 35 3 35 3 35 3 35 3 35 2
35 3 35 3 35 3 35 3 35 3 35 3 35 3 35 2
35 3 35 3 35 3 35 3 35 3 35 3 35 3 35 2
35 3 35 3 35 3 35 3 35 3 35 3 35 3 35 2
137 3 23 11 10 860 18 203 2
35 3 35 3 35 3 35 3 35 3 35 3 35 3 35 2
1470 3146 2
51 9438 158 193 112 13 314 4315 2
35 3 35 3 35 3 35 3 35 3 35 3 35 3 35 2
72 3 35 3 35 3 35 3 35 3 35 3 35 3 35 3 35
35 3 5 242 13 2
35 3 35 3 35 3 35 3 35 3 35 3 35 3 35 2
72 3 131 4 2
5 195 4 2
35 3 35 3 35 3 35 3 35 3 35 3 35 3 35 2
55 4 143 2
72 3 35 3 35 3 35 3 35 3 35 3 35 3 35 3 35
5 34 702 4 47 2
5 5630 523 46 21 4732 1239 333 68 2
5 39 6 120 70 86 44 165 4 2
22 26 6 995 10530 18 6 3437 7
35 3 35 3 35 3 35 3 35 3 35 3 35 3 35 2
73 31 4 31 7
35 3 35 3 35 3 35 3 35 3 35 3 35 3 35 2
5 112 13 81 5 84 194 75 4 150 2
35 3 5 112 13 2
5 78 10 206 18 10 6772 45 2
35 3 4 32 13 2
35 3 35 3 35 3 35 3 35 3 35 3 35 3 35 2
750 3 106 2
474 63 14
35 3 35 3 35 3 35 3 35 3 35 3 35 3 35 2
35 3 35 3 35 3 35 3 35 3 35 3 35 3 35 2
35 3 35 3 35 3 35 3 35 3 35 3 35 3 35 2
35 3 35 3 35 3 35 3 35 3 35 3 35 3 35 2
35 3 35 3 35 3 35 3 35 3 35 3 35 3 35 2
5 32 13 46 2
35 3 35 3 35 3 35 3 35 3 35 3 35 3 35 2
5 32 13 46 2
12 11 77 9 75 4 104 2
15 35 70 11 162 3452 108 502 20
35 3 35 3 35 3 35 3 35 3 35 3 35 3 35 2
35 3 35 3 35 3 35 3 35 3 35 3 35 3 35 2
35 3 35 3 35 3 35 3 35 3 35 3 35 3 35 2
35 3 35 3 35 3 35 3 35 3 35 3 35 3 35 2
52 19 6 201 18 6 185 15 18 6 308 15 18 6 1194 1228 52
5 44 13 83 16 456 2
35 3 35 3 35 3 35 3 35 3 35 3 35 3 35 2
35 3 35 3 35 3 35 3 35 3 35 3 35 3 35 2
12 461 20 552 9 27 1554 2
5 80 9 180 9 74 2
12 11 10 1 2
3249 1003 2
15 35 70 11 162 3452 108 502 20
35 3 35 3 35 3 35 3 35 3 35 3 35 3 35 2
1 1 1 1 1 1 1 1 1 1 1 1 1 1 1 1 1
35 3 35 3 35 3 35 3 35 3 35 3 35 3 35 14
5 39 1405 872 4084 3 5585 6068 352 2
35 3 35 3 35 3 35 3 35 3 35 3 35 3 35 2
35 3 35 3 35 3 35 3 35 3 35 3 35 3 35 2
5 32 13 46 2
35 3 35 3 35 3 35 3 35 3 35 3 35 3 35 2
5 66 96 77 9 4 2
5 32 13 46 21 4 42 333 68 2
5 32 13 46 21 4 42 333 68 2
5 32 13 46 2
5 66 111 274 48 154 19 27 192 2
5 32 13 46 2
35 3 4 32 13 2
35 3 35 3 35 3 35 3 35 3 35 3 35 3 35 2
5 149 105 3 105 3 105 3 105 3 105 3 105 3 105 444 17
35 3 35 3 35 3 35 3 35 3 35 3 35 3 35 2
35 3 35 3 35 3 35 3 35 3 35 3 35 3 35 2
4 44 13 67 5978 19 33 88 2
70 3 147 3 248 3 449 3 410 3 556 3 817 3 857 2
35 3 35 3 35 3 35 3 35 3 35 3 35 3 35 2
5 32 13 46 2
52 35 3 35 3 35 3 35 3 35 3 35 3 35 3 35 2
35 3 35 3 35 3 35 3 35 3 35 3 35 3 35 2
59 33 3 59 33 3 59 33 3 59 33 3 59 33 2
20 3 20 3 20 3 20 3 20 3 20 3 20 3 20 2
5 32 13 46 21 4 42 333 68 2
5 32 13 46 21 4 42 333 68 2
12 11 162 29 254 14
83 11 54 3 83 11 54 3 83 11 54 3 83 11 54 14
35 3 5 112 13 2
5 34 29 64 97 2
5 32 13 46 2
35 3 35 3 35 3 35 3 35 3 35 3 35 3 35 2
37 289 3 106 2
35 3 35 3 35 3 35 3 35 3 35 3 35 3 35 2
137 3 137 3 137 3 137 3 137 3 137 3 137 3 137 2
72 3 35 3 35 3 35 3 35 3 35 3 35 3 35 2
5 32 13 46 2
12 11 10 3070 462 2
35 3 35 3 35 3 35 3 35 3 35 3 35 3 35 2
35 3 35 3 35 3 35 3 35 3 35 3 35 3 35 14
70 3 147 3 248 3 449 3 410 3 556 3 817 3 857 2
5 32 13 46 21 4 42 333 68 2
5 39 2104 2
750 3 750 3 106 2
3040 3040 949 3 3040 3040 949
31 4 432 7
35 3 35 3 35 3 35 3 35 3 35 3 35 3 35 3 35
35 3 35 3 35 3 35 3 35 3 35 3 35 3 35 2
53 47 11 148 5 44 31 25 4 3 67 83 20 46 2
5 32 13 46 21 4 42 333 68 2
72 3 35 3 35 3 35 3 35 3 35 3 35 3 35 2
35 3 35 3 35 3 35 3 35 3 35 3 35 3 35 2
205 11 91 9 29 266 2
70 3 147 3 248 3 449 3 410 3 556 3 817 3 857 2
35 3 35 3 35 3 35 3 35 3 35 3 35 3 35 2
5 32 13 46 2
5 112 13 145 9 1987 4 2
5 32 13 46 21 4 42 333 68 2
19 6 201 18 6 185 15 18 6 308 15 18 6 1194 1228 2
36 64 3 36 64 3 36 64 3 36 64 3 36 64 2
5 32 13 46 21 4 42 333 68 2
5 32 13 55 2434 2
35 3 35 3 35 3 35 3 35 3 35 3 35 3 35 3 35
35 3 35 3 35 3 35 3 35 3 35 3 35 3 35 2
35 3 35 3 35 3 35 3 35 3 35 3 35 3 35 2
32 13 102 62 12 2
5 32 13 30 98 25 26 2
35 3 35 3 35 3 35 3 35 3 35 3 35 3 35 2
141 137 2
35 3 35 3 35 3 35 3 35 3 35 3 35 3 35 2
137 3 137 3 137 3 137 3 137 3 137 3 137 3 137 2
5 32 13 46 21 4 42 333 68 2
65 3 5 31 2
70 3 147 3 248 3 449 3 410 3 556 3 817 3 857 2
871 3549 113 1 2559 5750 2 3 15010 2
5 139 4 104 3 521 5055 2
22571 40 20 3 382 2
23 22 10 77 94 2
4 32 13 46 74 2
27 201 22 15852 2
5 32 13 46 21 9 31 2
5 32 13 46 21 4 42 333 68 2
35 3 35 3 35 3 35 3 35 3 35 3 35 3 35 2
53 47 11 148 5 44 31 25 4 3 67 83 20 46 2
79 112 13 4 93 20 7
409 61 2
5 32 13 50 12 2
186 10 972 168 6 14969 2
35 3 35 3 35 3 35 3 35 3 35 3 35 3 35 2
21903 46176 10635 2
24 42 10263 18 28 292 1391 3 1 5344 2
35 3 35 3 35 3 35 3 35 3 35 3 35 3 35 2
5 39 413 9 75 4 14
4 42 633 2
137 3 137 3 137 3 137 3 137 3 137 3 137 3 137 2
35 3 35 3 35 3 35 3 35 3 35 3 35 3 35 2
5 112 13 93 48 148 2
35 3 35 3 35 3 35 3 35 3 35 3 35 3 35 2
5 32 13 46 21 4 42 333 68 2
5 32 13 46 2
141 32302 1793 20561 1793 4 91 7
51 42 37 243 97 2
35 3 35 3 35 3 35 3 35 3 35 3 35 3 35 2
5 32 13 46 2
70 3 147 3 248 3 449 3 410 3 556 3 817 3 857 2
159 3 159 3 159 3 159 3 159 3 159 3 159 3 159 2
50 28 422 142 20 14
4 12779 10 2404 505 2
35 3 35 3 35 3 35 3 35 3 35 3 35 3 35 2
65 3 65 3 65 3 65 3 65 3 65 3 65 3 65 2
59 33 3 59 33 3 59 33 3 59 33 3 59 33 2
5 32 13 46 21 4 42 333 68 2
86 6 1784 22 16 7
5 32 13 46 2
70 3 147 3 248 3 449 3 410 3 556 3 817 3 857 2
750 3 750 3 106 2
5 32 13 46 21 4 42 333 68 2
4 81 4 42 58 1789 922 3 32 13 4 7
5 656 29 64 97 2
70 3 147 3 248 3 449 3 410 3 556 3 817 3 857 2
31 4 432 20 7
35 3 35 3 35 3 35 3 35 3 35 3 35 3 35 2
35 3 35 3 35 3 35 3 35 3 35 3 35 3 35 2
35 2
5 143 3 52 5 32 13 46 21 4 42 333 68 2 52
54 3 54 3 54 3 54 3 54 3 54 3 54 3 54 14
56 3 53 4 34 354 20 3 5 30 9 54 9 6 2843 2
287 116 2
72 3 131 4 3 131 4 3 131 4 3 131 4 3 131 4 2
31 4 432 20 7
35 3 35 3 35 3 35 3 35 3 35 3 35 3 35 2
53 4 32 13 197 3 5 84 55 9 221 4 10 343 738 2
35 3 35 3 35 3 35 3 35 3 35 3 35 3 35 2
35 3 35 3 35 3 35 3 35 3 35 3 35 3 35 2
35 3 35 3 35 3 35 3 35 3 35 3 35 3 35 2
35 3 35 3 35 3 35 3 35 3 35 3 35 3 35 2
35 3 35 3 35 3 35 3 35 3 35 3 35 3 35 2
52 35 3 35 3 35 3 35 3 35 3 35 3 35 3 35 2
5 32 13 46 21 4 42 333 68 2
5 32 13 46 21 4 42 333 68 2
35 3 35 3 35 3 35 3 35 3 35 3 35 3 35 2
5 55 4 3 104 2
35 3 35 3 35 3 35 3 35 3 35 3 35 3 35 2
5 32 13 46 21 4 42 333 68 2
52 17 15 27 201 22 1 2 52
23 41 10 77 94 2
50 61 18 27 115 14
16 22 798 2
90 12 405 2
5 39 735 2
12 11 98 25 4 9 386 2
5 32 13 46 2
35 3 35 3 35 3 35 3 35 3 35 3 35 3 35 2
35 3 35 3 35 3 35 3 35 3 35 3 35 3 35 2
229 9 348 4 2
24 42 19 6 424 14
5 135 13 83 4 14
65 3 12 22 2
5 32 13 46 2
5 32 13 46 2
70 3 147 3 248 3 449 3 410 3 556 3 817 3 857 2
750 3 106 2
35 3 5 32 13 55 12 2
35 3 35 3 35 3 35 3 35 3 35 3 35 3 35 14
35 3 35 3 35 3 35 3 35 3 35 3 35 3 35 2
35 3 35 3 35 3 35 3 35 3 35 3 35 3 35 14
35 3 5 39 37 162 4822 48 2
35 3 131 4 2
35 3 35 3 35 3 35 3 35 3 35 3 35 3 35 2
801 694 160 2
35 3 35 3 35 3 35 3 35 3 35 3 35 3 35 2
5 32 13 46 2
23 135 13 2
137 3 5 46 2
166 98 35 75 2
35 3 35 3 35 3 35 3 35 3 35 3 35 3 35 2
65 3 5 149 2
5 32 13 46 21 4 42 333 68 2
1 3 1 3 1 2
5 46 3 5 46 3 5 46 3 5 46 3 5 46 3 5 46
5 32 13 46 21 4 42 333 68 2
5 139 4 3 5 139 4 3 5 139 4 3 5 139 4 2
35 3 35 3 35 3 35 3 35 3 35 3 35 3 35 2
35 3 35 3 35 3 35 3 35 3 35 3 35 3 35 2
70 3 147 3 248 3 449 3 410 3 556 3 817 3 857 2
35 3 35 3 35 3 35 3 35 3 35 3 35 3 35 2
35 3 35 3 35 3 35 3 35 3 35 3 35 3 35 14
35 3 35 3 35 3 35 3 35 3 35 3 35 3 35 2
1950 688 3 534 18 1382 3 6 415 22 40 1257 2
5 34 29 47 76 334 76 5 44 2
229 9 348 4 2
5 178 5 84 204 113 15 75 73 4 109 210 2
72 3 35 3 35 3 35 3 35 3 35 3 35 3 35 14
83 11 54 3 83 11 54 3 83 11 54 3 83 11 54 14
52 5 139 4 3 5 139 4 3 5 139 4 2 52
5 44 13 2
35 3 35 3 35 3 35 3 35 3 35 3 35 3 35 2
35 3 35 3 35 3 35 3 35 3 35 3 35 3 35 2
35 3 35 3 35 3 35 3 35 3 35 3 35 3 35 2
5 32 13 46 2
35 3 5 32 13 2
70 3 147 3 248 3 449 3 410 3 556 3 817 3 857 2
5 195 4 56 2
5 112 13 95 148 2
35 3 35 3 35 3 35 3 35 3 35 3 35 3 35 2
35 3 35 3 35 3 35 3 35 3 35 3 35 3 35 2
5 32 13 46 21 4 42 333 68 2
35 3 35 3 35 3 35 3 35 3 35 3 35 3 35 2
35 3 35 3 35 3 35 3 35 3 35 3 35 3 35 2
70 3 147 3 248 3 449 3 410 3 556 3 817 3 857 2
5 706 48 2
5 32 13 46 21 4 42 333 68 2
5 32 13 46 2
35 3 35 3 35 3 35 3 35 3 35 3 35 3 35 2
5 34 90 252 18 6 9029 3 4512 3 1 23004 18 28731 2
70 3 147 3 248 3 449 3 410 3 556 3 817 3 857 2
